g101		T	1	4	4	4	2	4	4	4	2	1	4	4	1	1	2	4	4	3	4	3	4	3	3	4	4	3	1	4	3	4	3	4
g101		U	1	4	4	4	2	4	4	4	2	1	4	4	4	1	2	4	4	3	4	1	4	3	3	4	4	1	4	4	3	4	3	4
g102		T	1	4	1	4	2	4	4	4	2	1	4	4	1	1	2	4	4	3	4	3	4	3	3	4	4	3	4	4	3	4	3	4
g102		U	1	4	1	4	2	4	4	4	2	1	4	4	1	1	2	4	4	3	4	3	4	3	3	4	4	3	4	4	3	4	3	4
g103		T	1	4	4	4	2	4	4	4	2	1	4	4	1	1	2	4	4	3	4	3	4	3	3	4	4	3	4	4	3	4	3	4
g103		U	1	4	4	4	2	4	4	4	2	1	4	4	1	1	2	4	4	3	4	3	4	3	3	4	4	3	1	4	3	4	3	4
g106		T	1	3	4	3	2	1	1	4	2	1	4	4	4	1	2	4	4	3	4	1	4	3	3	4	4	3	4	4	3	4	3	4
g106		U	1	4	4	4	2	4	4	4	2	1	1	4	4	1	2	4	4	3	4	1	4	3	3	4	4	1	4	4	3	4	3	4
g107		T	1	4	4	4	2	4	4	4	2	1	4	4	1	1	2	4	4	3	4	3	4	3	3	4	4	3	1	4	3	4	3	4
g107		U	1	4	1	4	2	4	4	3	2	1	4	4	1	1	2	4	4	3	4	3	4	3	3	4	4	3	4	4	3	4	3	4
g108		T	1	4	4	4	2	4	4	4	2	1	1	4	4	1	2	4	4	3	4	1	4	1	3	4	4	1	4	4	3	4	3	4
g108		U	1	4	4	4	2	4	4	4	2	4	4	1	4	2	2	4	4	1	1	1	3	3	3	4	4	3	4	2	3	4	1	2
g110		T	1	4	4	4	2	4	4	4	2	1	4	4	1	1	2	4	4	3	4	3	4	3	3	4	4	3	1	4	3	4	3	4
g110		U	1	4	4	4	2	4	4	4	2	1	1	4	4	1	2	4	4	3	4	1	4	3	3	4	4	3	4	4	3	4	3	4
g111		T	1	4	4	4	2	4	4	4	2	1	4	4	4	1	2	4	4	3	4	1	4	3	3	4	4	3	4	4	3	4	3	4
g111		U	1	4	1	4	2	4	4	4	2	1	4	4	1	1	2	4	4	3	4	3	4	3	3	4	4	3	4	4	3	4	3	4
g113		T	1	4	4	4	2	4	4	4	2	1	4	4	1	1	2	4	4	3	4	3	4	3	3	4	4	3	4	4	3	4	3	4
g113		U	1	4	4	4	2	4	4	4	2	1	1	4	4	1	2	4	4	3	4	1	4	3	3	4	4	3	4	4	3	4	3	4
g114		T	1	4	4	4	2	4	4	4	2	1	4	4	1	1	2	4	4	3	4	3	4	3	3	4	4	3	4	4	3	4	3	4
g114		U	1	4	4	4	2	4	4	4	2	1	1	4	4	1	2	4	4	3	4	1	4	1	3	4	4	1	4	4	3	4	3	4
g115		T	1	4	4	4	2	4	4	4	2	1	4	4	1	1	2	4	4	3	4	3	4	3	3	4	4	3	1	4	3	4	3	4
g115		U	1	4	1	4	2	4	4	4	2	1	4	4	1	1	2	4	4	3	4	3	4	3	3	4	4	3	4	4	3	4	3	4
g116		T	1	4	4	4	2	4	4	4	2	1	4	4	1	1	2	4	4	3	4	3	4	3	3	4	4	3	4	4	3	4	3	4
g116		U	1	4	4	4	2	4	4	4	2	1	4	4	4	1	2	4	4	3	4	1	4	3	3	4	4	3	4	4	3	4	3	4
g117		T	1	4	4	4	2	4	4	4	2	1	1	4	4	1	2	4	4	3	4	1	4	3	3	4	4	1	4	4	3	4	3	4
g117		U	1	4	1	4	2	4	4	4	2	1	4	4	1	1	2	4	4	3	4	3	4	3	3	4	4	3	4	4	3	4	3	4
g118		T	1	4	4	4	2	4	4	4	2	1	4	4	1	1	2	4	4	3	4	3	4	3	3	4	4	3	4	4	3	4	3	4
g118		U	1	4	4	4	2	4	4	4	2	1	1	4	4	1	2	4	4	3	4	1	4	1	3	4	4	1	4	4	3	4	3	4
g119		T	1	3	4	3	2	1	1	4	2	1	4	4	4	1	2	4	4	3	4	1	4	3	3	4	4	3	4	4	3	4	3	4
g119		U	1	4	1	4	2	4	4	4	2	1	4	4	1	1	2	4	4	3	4	3	4	3	3	4	4	3	4	4	3	4	3	4
g120		T	1	4	4	4	2	4	4	4	2	1	1	4	4	1	2	4	4	3	4	1	4	3	3	4	4	3	4	4	3	4	3	4
g120		U	1	4	4	4	2	4	4	4	2	1	1	4	4	1	2	4	4	3	4	1	4	3	3	4	4	1	4	4	3	4	3	4
g121		T	1	4	4	4	2	4	4	4	2	1	4	4	1	1	2	4	4	3	4	3	4	3	3	4	4	3	1	4	3	4	3	4
g121		U	1	4	1	4	2	4	4	4	2	1	4	4	1	1	2	4	4	3	4	3	4	3	3	4	4	3	4	4	3	4	3	4
g122		T	1	4	4	4	2	4	4	4	2	1	1	4	4	1	2	4	4	3	4	1	4	1	3	4	4	1	4	4	3	4	3	4
g122		U	1	4	1	4	2	4	4	4	2	1	4	4	1	1	2	4	4	3	4	3	4	3	3	4	4	1	4	4	3	4	3	4
g123		T	1	4	4	4	2	4	4	4	2	1	1	4	4	1	2	4	4	3	4	1	4	3	3	4	4	1	4	4	3	4	3	4
g123		U	1	4	1	4	2	4	4	4	2	1	4	4	1	1	2	4	4	3	4	3	4	3	3	4	4	3	4	4	3	4	3	4
g124		T	1	4	1	4	2	4	4	4	2	1	4	4	1	1	2	4	4	3	4	3	4	3	3	4	4	3	4	4	3	4	3	4
g124		U	1	4	1	4	2	4	4	4	2	1	1	4	4	1	2	4	4	3	4	1	4	3	3	4	4	1	4	4	3	4	3	4
g125		T	1	4	4	4	2	4	4	4	2	1	4	4	1	1	2	4	4	3	4	1	4	3	3	4	4	1	4	4	3	4	3	4
g125		U	1	4	4	4	2	4	4	4	2	1	4	4	1	1	2	4	4	3	4	3	4	3	3	4	4	3	4	4	3	4	3	4
g126		T	1	4	1	4	2	4	4	4	2	1	4	4	1	1	2	4	4	3	4	3	4	3	3	4	4	3	4	4	3	4	3	4
g126		U	1	4	1	4	2	4	4	4	2	1	1	4	4	1	2	4	4	3	4	1	4	3	3	4	4	1	4	4	3	4	3	4
g127		T	1	4	4	4	2	4	4	4	2	1	1	4	4	1	2	4	4	3	4	1	4	1	3	4	4	1	4	4	3	4	3	4
g127		U	1	4	1	4	2	4	4	4	2	1	4	4	1	1	2	4	4	3	4	3	4	3	3	4	4	1	4	4	3	4	3	4
g128		T	1	4	4	4	2	4	4	4	2	1	1	4	4	1	2	4	4	3	4	1	4	3	3	4	4	1	4	4	3	4	3	4
g128		U	1	4	4	4	2	4	4	4	2	1	1	4	4	1	2	4	4	3	4	1	4	3	3	4	4	1	4	4	3	4	3	4
g109		T	1	4	4	4	2	4	4	4	2	1	4	4	4	1	2	4	4	3	4	1	4	3	3	4	4	3	4	4	3	4	3	4
g109		U	4	4	4	4	2	4	4	4	2	1	1	4	4	1	2	4	4	3	4	1	4	1	3	2	4	1	4	4	3	4	3	4
g104		T	1	4	4	4	2	4	4	4	2	1	4	4	1	1	2	4	4	3	4	1	4	3	3	2	4	1	4	4	3	4	3	4
g104		U	1	4	4	4	2	4	4	4	2	1	4	4	1	1	2	4	4	3	4	3	4	3	3	4	4	3	1	4	3	4	3	4
g105		T	1	4	4	4	2	4	4	4	2	1	4	4	1	1	2	4	4	3	4	1	4	3	3	2	4	1	4	4	3	4	3	4
g105		U	1	4	4	4	2	4	4	4	2	1	1	4	4	1	2	4	4	3	4	1	4	1	3	4	4	1	4	4	3	4	3	4
g137		T	1	4	4	4	2	4	4	4	2	1	4	4	1	1	2	4	4	3	4	1	4	3	3	2	4	1	4	4	3	4	3	4
g137		U	1	4	4	4	2	4	4	4	2	1	1	4	4	1	2	4	4	3	4	1	4	1	3	4	4	1	4	4	3	4	3	4
g112		T	1	4	4	4	2	4	4	4	2	1	1	4	4	1	2	4	4	3	4	1	4	1	3	4	4	1	4	4	3	4	3	4
g112		U	1	4	1	4	2	4	4	4	2	1	4	4	1	1	2	4	4	3	4	3	4	3	3	4	1	1	4	4	3	4	3	4
g149		T	1	4	1	4	2	4	4	4	2	1	4	4	1	1	2	4	4	3	4	3	4	3	3	4	4	1	4	4	3	4	3	4
g149		U	1	4	1	4	2	4	4	3	2	1	4	4	1	1	2	4	4	3	4	3	4	3	3	4	1	3	4	4	3	4	3	4
GL18		T	4	4	4	4	2	4	4	4	2	1	1	4	4	1	2	4	4	3	4	1	4	1	3	2	4	1	4	4	3	4	3	4
GL18		U	4	4	4	4	2	4	4	4	2	1	1	4	4	1	2	4	4	3	4	1	4	1	3	2	4	1	4	4	3	4	3	4
GL22		T	4	4	4	4	2	4	4	4	2	1	1	4	4	1	2	4	4	3	4	1	4	1	3	2	4	1	4	4	3	4	3	4
GL22		U	4	4	4	4	2	4	4	4	2	1	1	4	4	1	2	4	4	3	4	1	4	1	3	2	4	1	4	4	3	4	3	4
GL23		T	4	4	4	4	2	4	4	4	2	1	1	4	4	1	2	4	4	3	4	1	4	1	3	2	4	1	4	4	3	4	3	4
GL23		U	4	4	4	4	2	4	4	4	2	1	1	4	4	1	2	4	4	3	4	1	4	1	3	2	4	1	4	4	3	4	3	4
GL35		T	4	4	4	4	2	4	4	4	2	1	1	4	4	1	2	4	4	3	4	1	4	1	3	2	4	1	4	4	3	4	3	4
GL35		U	4	4	4	4	2	4	4	4	2	1	1	4	4	1	2	4	4	3	4	1	4	1	3	2	4	1	4	4	3	4	3	4
GL38		T	4	4	4	4	2	4	4	4	2	1	1	4	4	1	2	4	4	3	4	1	4	1	3	2	4	1	4	4	3	4	3	4
GL38		U	4	4	4	4	2	4	4	4	2	1	1	4	4	1	2	4	4	3	4	1	4	1	3	2	4	1	4	4	3	4	3	4
GL41		T	4	4	4	4	2	4	4	4	2	1	1	4	4	1	2	4	4	3	4	1	4	1	3	2	4	1	4	4	3	4	3	4
GL41		U	4	4	4	4	2	4	4	4	2	1	1	4	4	1	2	4	4	3	4	1	4	1	3	2	4	1	4	4	3	4	3	4
GL46		T	4	4	4	4	2	4	4	4	2	1	1	4	4	1	2	4	4	3	4	1	4	1	3	2	4	1	4	4	3	4	3	4
GL46		U	4	4	4	4	2	4	4	4	2	1	1	4	4	1	2	4	4	3	4	1	4	1	3	2	4	1	4	4	3	4	3	4
GL48		T	4	4	4	4	2	4	4	4	2	1	1	4	4	1	2	4	4	3	4	1	4	1	3	2	4	1	4	4	3	4	3	4
GL48		U	4	4	4	4	2	4	4	4	2	1	1	4	4	1	2	4	4	3	4	1	4	1	3	2	4	1	4	4	3	4	3	4
GL5		T	4	4	4	4	2	4	4	4	2	1	1	4	4	1	2	4	4	3	4	1	4	1	3	2	4	1	4	4	3	4	3	4
GL5		U	4	4	4	4	2	4	4	4	2	1	1	4	4	1	2	4	4	3	4	1	4	1	3	2	4	1	4	4	3	4	3	4
GL52		T	4	4	4	4	2	4	4	4	2	1	1	4	4	1	2	4	4	3	4	1	4	1	3	2	4	1	4	4	3	4	3	4
GL52		U	4	4	4	4	2	4	4	4	2	1	1	4	4	1	2	4	4	3	4	1	4	1	3	2	4	1	4	4	3	4	3	4
GL53		T	4	4	4	4	2	4	4	4	2	1	1	4	4	1	2	4	4	3	4	1	4	1	3	2	4	1	4	4	3	4	3	4
GL53		U	4	4	4	4	2	4	4	4	2	1	1	4	4	1	2	4	4	3	4	1	4	1	3	2	4	1	4	4	3	4	3	4
GL54		T	4	4	4	4	2	4	4	4	2	1	1	4	4	1	2	4	4	3	4	1	4	1	3	2	4	1	4	4	3	4	3	4
GL54		U	4	4	4	4	2	4	4	4	2	1	1	4	4	1	2	4	4	3	4	1	4	1	3	2	4	1	4	4	3	4	3	4
GL55		T	4	4	4	4	2	4	4	4	2	1	1	4	4	1	2	4	4	3	4	1	4	1	3	2	4	1	4	4	3	4	3	4
GL55		U	4	4	4	4	2	4	4	4	2	1	1	4	4	1	2	4	4	3	4	1	4	1	3	2	4	1	4	4	3	4	3	4
GL56		T	4	4	4	4	2	4	4	4	2	1	1	4	4	1	2	4	4	3	4	1	4	1	3	2	4	1	4	4	3	4	3	4
GL56		U	4	4	4	4	2	4	4	4	2	1	1	4	4	1	2	4	4	3	4	1	4	1	3	2	4	1	4	4	3	4	3	4
GL58		T	4	4	4	4	2	4	4	4	2	1	1	4	4	1	2	4	4	3	4	1	4	1	3	2	4	1	4	4	3	4	3	4
GL58		U	4	4	4	4	2	4	4	4	2	1	1	4	4	1	2	4	4	3	4	1	4	1	3	2	4	1	4	4	3	4	3	4
GL60		T	4	4	4	4	2	4	4	4	2	1	1	4	4	1	2	4	4	3	4	1	4	1	3	2	4	1	4	4	3	4	3	4
GL60		U	4	4	4	4	2	4	4	4	2	1	1	4	4	1	2	4	4	3	4	1	4	1	3	2	4	1	4	4	3	4	3	4
GL61		T	4	4	4	4	2	4	4	4	2	1	1	4	4	1	2	4	4	3	4	1	4	1	3	2	4	1	4	4	3	4	3	4
GL61		U	4	4	4	4	2	4	4	4	2	1	1	4	4	1	2	4	4	3	4	1	4	1	3	2	4	1	4	4	3	4	3	4
GL64		T	4	4	4	4	2	4	4	4	2	1	1	4	4	1	2	4	4	3	4	1	4	1	3	2	4	1	4	4	3	4	3	4
GL64		U	4	4	4	4	2	4	4	4	2	1	1	4	4	1	2	4	4	3	4	1	4	1	3	2	4	1	4	4	3	4	3	4
GL73		T	4	4	4	4	2	4	4	4	2	1	1	4	4	1	2	4	4	3	4	1	4	1	3	2	4	1	4	4	3	4	3	4
GL73		U	4	4	4	4	2	4	4	4	2	1	1	4	4	1	2	4	4	3	4	1	4	1	3	2	4	1	4	4	3	4	3	4
GL8		T	4	4	4	4	2	4	4	4	2	1	1	4	4	1	2	4	4	3	4	1	4	1	3	2	4	1	4	4	3	4	3	4
GL8		U	4	4	4	4	2	4	4	4	2	1	1	4	4	1	2	4	4	3	4	1	4	1	3	2	4	1	4	4	3	4	3	4
GL81		T	4	4	4	4	2	4	4	4	2	1	1	4	4	1	2	4	4	3	4	1	4	1	3	2	4	1	4	4	3	4	3	4
GL81		U	4	4	4	4	2	4	4	4	2	1	1	4	4	1	2	4	4	3	4	1	4	1	3	2	4	1	4	4	3	4	3	4
GL90		T	4	4	4	4	2	4	4	4	2	1	1	4	4	1	2	4	4	3	4	1	4	1	3	2	4	1	4	4	3	4	3	4
GL90		U	4	4	4	4	2	4	4	4	2	1	1	4	4	1	2	4	4	3	4	1	4	1	3	2	4	1	4	4	3	4	3	4
GL92		T	4	4	4	4	2	4	4	4	2	1	1	4	4	1	2	4	4	3	4	1	4	1	3	2	4	1	4	4	3	4	3	4
GL92		U	4	4	4	4	2	4	4	4	2	1	1	4	4	1	2	4	4	3	4	1	4	1	3	2	4	1	4	4	3	4	3	4
GL93		T	4	4	4	4	2	4	4	4	2	1	1	4	4	1	2	4	4	3	4	1	4	1	3	2	4	1	4	4	3	4	3	4
GL93		U	4	4	4	4	2	4	4	4	2	1	1	4	4	1	2	4	4	3	4	1	4	1	3	2	4	1	4	4	3	4	3	4
GL94		T	4	4	4	4	2	4	4	4	2	1	1	4	4	1	2	4	4	3	4	1	4	1	3	2	4	1	4	4	3	4	3	4
GL94		U	4	4	4	4	2	4	4	4	2	1	1	4	4	1	2	4	4	3	4	1	4	1	3	2	4	1	4	4	3	4	3	4
GL95		T	4	4	4	4	2	4	4	4	2	1	1	4	4	1	2	4	4	3	4	1	4	1	3	2	4	1	4	4	3	4	3	4
GL95		U	4	4	4	4	2	4	4	4	2	1	1	4	4	1	2	4	4	3	4	1	4	1	3	2	4	1	4	4	3	4	3	4
GL99		T	4	4	4	4	2	4	4	4	2	1	1	4	4	1	2	4	4	3	4	1	4	1	3	2	4	1	4	4	3	4	3	4
GL99		U	4	4	4	4	2	4	4	4	2	1	1	4	4	1	2	4	4	3	4	1	4	1	3	2	4	1	4	4	3	4	3	4
GL87		T	4	4	4	4	2	4	4	4	2	1	1	4	4	1	2	4	4	3	4	1	4	1	3	2	4	1	4	4	3	4	3	4
GL87		U	4	4	4	4	2	4	4	4	2	1	1	4	4	1	2	4	4	3	4	1	4	1	3	2	4	1	4	4	3	4	3	4
GL82		T	4	4	4	4	2	4	4	4	2	1	1	4	4	1	2	4	4	3	4	1	4	1	3	2	4	1	4	4	3	4	3	4
GL82		U	4	4	4	4	2	4	4	4	2	1	1	4	4	1	2	4	4	3	4	1	4	1	3	2	4	1	4	4	3	4	3	4
GL85		T	1	4	1	4	2	4	4	4	2	1	4	4	1	1	2	4	4	3	4	3	4	1	3	2	4	1	4	4	3	4	3	4
GL85		U	4	4	4	4	2	4	4	4	2	1	1	4	4	1	2	4	4	3	4	1	4	1	3	2	4	1	4	4	3	4	3	4
GL86		T	4	4	4	4	2	4	4	4	2	1	1	4	4	1	2	4	4	3	4	1	4	1	3	2	4	1	4	4	3	4	3	4
GL86		U	4	4	4	4	2	4	4	4	2	1	1	4	4	1	2	4	4	3	4	1	4	1	3	2	4	1	4	4	3	4	3	4
GL107		T	4	4	4	4	2	4	4	4	2	1	1	4	4	1	2	4	4	3	4	1	4	1	3	2	4	1	4	4	3	4	3	4
GL107		U	4	4	4	4	2	4	4	4	2	1	1	4	4	1	2	4	4	3	4	1	4	1	3	2	4	1	4	4	3	4	3	4
GL101		T	4	4	4	4	2	4	4	4	2	1	1	4	4	1	2	4	4	3	4	1	4	1	3	2	4	1	4	4	3	4	3	4
GL101		U	4	4	4	4	2	4	4	4	2	1	1	4	4	1	2	4	4	3	4	1	4	1	3	2	4	1	4	4	3	4	3	4
GL34		T	4	4	4	4	2	4	4	4	2	1	1	4	4	1	2	4	4	3	4	1	4	1	3	2	4	1	4	4	3	4	3	4
GL34		U	4	4	4	4	2	4	4	4	2	1	1	4	4	1	2	4	4	3	4	1	4	1	3	2	4	1	4	4	3	4	3	4
GL32		T	1	4	1	4	2	4	4	3	2	1	4	4	1	1	2	4	4	3	4	3	4	3	3	4	1	3	4	4	3	4	3	4
GL32		U	4	4	4	4	2	4	4	4	2	1	1	4	4	1	2	4	4	3	4	1	4	1	3	2	4	1	4	4	3	4	3	4
GL6		T	1	4	1	4	2	4	4	4	2	1	4	4	1	1	2	4	4	3	4	3	4	3	3	4	1	1	4	4	3	4	3	4
GL6		U	4	4	4	4	2	4	4	4	2	1	1	4	4	1	2	4	4	3	4	1	4	1	3	2	4	1	4	4	3	4	3	4
GL7		T	1	4	1	4	2	4	4	4	2	1	4	4	1	1	2	4	4	3	4	3	4	3	3	4	1	1	4	4	3	4	3	4
GL7		U	4	4	4	4	2	4	4	4	2	1	1	4	4	1	2	4	4	3	4	1	4	1	3	2	4	1	4	4	3	4	3	4
GL9		T	1	4	1	4	2	4	4	4	2	1	4	4	1	1	2	4	4	3	4	3	4	3	3	4	1	1	4	4	3	4	3	4
GL9		U	4	4	4	4	2	4	4	4	2	1	1	4	4	1	2	4	4	3	4	1	4	1	3	2	4	1	4	4	3	4	3	4
GL10		T	1	4	1	4	2	4	4	4	2	1	4	4	1	1	2	4	4	3	4	3	4	3	3	4	1	1	4	4	3	4	3	4
GL10		U	4	4	4	4	2	4	4	4	2	1	1	4	4	1	2	4	4	3	4	1	4	1	3	2	4	1	4	4	3	4	3	4
GL11		T	1	4	1	4	2	4	4	4	2	1	4	4	1	1	2	4	4	3	4	3	4	3	3	4	1	1	4	4	3	4	3	4
GL11		U	4	4	4	4	2	4	4	4	2	1	1	4	4	1	2	4	4	3	4	1	4	1	3	2	4	1	4	4	3	4	3	4
GL12		T	1	4	1	4	2	4	4	4	2	1	4	4	1	1	2	4	4	3	4	3	4	3	3	4	1	1	4	4	3	4	3	4
GL12		U	4	4	4	4	2	4	4	4	2	1	1	4	4	1	2	4	4	3	4	1	4	1	3	2	4	1	4	4	3	4	3	4
GL15		T	1	4	1	4	2	4	4	3	2	1	4	4	1	1	2	4	4	3	4	3	4	3	3	4	1	3	4	4	3	4	3	4
GL15		U	4	4	4	4	2	4	4	4	2	1	1	4	4	1	2	4	4	3	4	1	4	1	3	2	4	1	4	4	3	4	3	4
GL16		T	1	4	1	4	2	4	4	4	2	1	4	4	1	1	2	4	4	3	4	3	4	3	3	4	1	1	4	4	3	4	3	4
GL16		U	4	4	4	4	2	4	4	4	2	1	1	4	4	1	2	4	4	3	4	1	4	1	3	2	4	1	4	4	3	4	3	4
GL17		T	1	4	1	4	2	4	4	3	2	1	4	4	1	1	2	4	4	3	4	3	4	3	3	4	1	3	4	4	3	4	3	4
GL17		U	4	4	4	4	2	4	4	4	2	1	1	4	4	1	2	4	4	3	4	1	4	1	3	2	4	1	4	4	3	4	3	4
GL19		T	1	4	1	4	2	4	4	4	2	1	4	4	1	1	2	4	4	3	4	3	4	3	3	4	1	1	4	4	3	4	3	4
GL19		U	4	4	4	4	2	4	4	4	2	1	1	4	4	1	2	4	4	3	4	1	4	1	3	2	4	1	4	4	3	4	3	4
GL21		T	1	4	1	4	2	4	4	4	2	1	4	4	1	1	2	4	4	3	4	3	4	3	3	4	1	1	4	4	3	4	3	4
GL21		U	4	4	4	4	2	4	4	4	2	1	1	4	4	1	2	4	4	3	4	1	4	1	3	2	4	1	4	4	3	4	3	4
GL24		T	1	4	1	4	2	4	4	3	2	1	4	4	1	1	2	4	4	3	4	3	4	3	3	4	1	3	4	4	3	4	3	4
GL24		U	4	4	4	4	2	4	4	4	2	1	1	4	4	1	2	4	4	3	4	1	4	1	3	2	4	1	4	4	3	4	3	4
GL25		T	1	4	1	4	2	4	4	3	2	1	4	4	1	1	2	4	4	3	4	3	4	3	3	4	1	3	4	4	3	4	3	4
GL25		U	4	4	4	4	2	4	4	4	2	1	1	4	4	1	2	4	4	3	4	1	4	1	3	2	4	1	4	4	3	4	3	4
GL27		T	1	4	1	4	2	4	4	4	2	1	4	4	1	1	2	4	4	3	4	3	4	3	3	4	1	1	4	4	3	4	3	4
GL27		U	4	4	4	4	2	4	4	4	2	1	1	4	4	1	2	4	4	3	4	1	4	1	3	2	4	1	4	4	3	4	3	4
GL28		T	1	4	1	4	2	4	4	3	2	1	4	4	1	1	2	4	4	3	4	3	4	3	3	4	1	3	4	4	3	4	3	4
GL28		U	4	4	4	4	2	4	4	4	2	1	1	4	4	1	2	4	4	3	4	1	4	1	3	2	4	1	4	4	3	4	3	4
GL29		T	1	4	1	4	2	4	4	3	2	1	4	4	1	1	2	4	4	3	4	3	4	3	3	4	1	3	4	4	3	4	3	4
GL29		U	4	4	4	4	2	4	4	4	2	1	1	4	4	1	2	4	4	3	4	1	4	1	3	2	4	1	4	4	3	4	3	4
GL31		T	1	4	1	4	2	4	4	4	2	1	4	4	1	1	2	4	4	3	4	3	4	3	3	4	1	1	4	4	3	4	3	4
GL31		U	4	4	4	4	2	4	4	4	2	1	1	4	4	1	2	4	4	3	4	1	4	1	3	2	4	1	4	4	3	4	3	4
GL36		T	1	4	1	4	2	4	4	4	2	1	4	4	1	1	2	4	4	3	4	3	4	3	3	4	1	1	4	4	3	4	3	4
GL36		U	4	4	4	4	2	4	4	4	2	1	1	4	4	1	2	4	4	3	4	1	4	1	3	2	4	1	4	4	3	4	3	4
GL37		T	1	4	1	4	2	4	4	4	2	1	4	4	1	1	2	4	4	3	4	3	4	3	3	4	1	1	4	4	3	4	3	4
GL37		U	4	4	4	4	2	4	4	4	2	1	1	4	4	1	2	4	4	3	4	1	4	1	3	2	4	1	4	4	3	4	3	4
GL39		T	1	4	1	4	2	4	4	4	2	1	4	4	1	1	2	4	4	3	4	3	4	3	3	4	1	1	4	4	3	4	3	4
GL39		U	4	4	4	4	2	4	4	4	2	1	1	4	4	1	2	4	4	3	4	1	4	1	3	2	4	1	4	4	3	4	3	4
GL40		T	1	4	1	4	2	4	4	4	2	1	4	4	1	1	2	4	4	3	4	3	4	3	3	4	1	1	4	4	3	4	3	4
GL40		U	4	4	4	4	2	4	4	4	2	1	1	4	4	1	2	4	4	3	4	1	4	1	3	2	4	1	4	4	3	4	3	4
GL42		T	1	4	1	4	2	4	4	4	2	1	4	4	1	1	2	4	4	3	4	3	4	3	3	4	1	1	4	4	3	4	3	4
GL42		U	4	4	4	4	2	4	4	4	2	1	1	4	4	1	2	4	4	3	4	1	4	1	3	2	4	1	4	4	3	4	3	4
GL43		T	1	4	1	4	2	4	4	3	2	1	4	4	1	1	2	4	4	3	4	3	4	3	3	4	1	3	4	4	3	4	3	4
GL43		U	4	4	4	4	2	4	4	4	2	1	1	4	4	1	2	4	4	3	4	1	4	1	3	2	4	1	4	4	3	4	3	4
GL44		T	1	4	1	4	2	4	4	3	2	1	4	4	1	1	2	4	4	3	4	3	4	3	3	4	1	3	4	4	3	4	3	4
GL44		U	4	4	4	4	2	4	4	4	2	1	1	4	4	1	2	4	4	3	4	1	4	1	3	2	4	1	4	4	3	4	3	4
GL45		T	1	4	1	4	2	4	4	3	2	1	4	4	1	1	2	4	4	3	4	3	4	3	3	4	1	3	4	4	3	4	3	4
GL45		U	4	4	4	4	2	4	4	4	2	1	1	4	4	1	2	4	4	3	4	1	4	1	3	2	4	1	4	4	3	4	3	4
GL47		T	1	4	1	4	2	4	4	4	2	1	4	4	1	1	2	4	4	3	4	3	4	3	3	4	1	1	4	4	3	4	3	4
GL47		U	4	4	4	4	2	4	4	4	2	1	1	4	4	1	2	4	4	3	4	1	4	1	3	2	4	1	4	4	3	4	3	4
GL59		T	1	4	1	4	2	4	4	4	2	1	4	4	1	1	2	4	4	3	4	3	4	3	3	4	1	1	4	4	3	4	3	4
GL59		U	4	4	4	4	2	4	4	4	2	1	1	4	4	1	2	4	4	3	4	1	4	1	3	2	4	1	4	4	3	4	3	4
GL49		T	1	4	1	4	2	4	4	4	2	1	4	4	1	1	2	4	4	3	4	3	4	3	3	4	1	1	4	4	3	4	3	4
GL49		U	4	4	4	4	2	4	4	4	2	1	1	4	4	1	2	4	4	3	4	1	4	1	3	2	4	1	4	4	3	4	3	4
GL97		T	1	4	1	4	2	4	4	3	2	1	4	4	1	1	2	4	4	3	4	3	4	3	3	4	1	3	4	4	3	4	3	4
GL97		U	4	4	4	4	2	4	4	4	2	1	1	4	4	1	2	4	4	3	4	1	4	1	3	2	4	1	4	4	3	4	3	4
GL105		T	1	4	1	4	2	4	4	3	2	1	4	4	1	1	2	4	4	3	4	3	4	3	3	4	1	3	4	4	3	4	3	4
GL105		U	4	4	4	4	2	4	4	4	2	1	1	4	4	1	2	4	4	3	4	1	4	1	3	2	4	1	4	4	3	4	3	4
GL102		T	1	4	1	4	2	4	4	4	2	1	4	4	1	1	2	4	4	3	4	3	4	3	3	4	1	1	4	4	3	4	3	4
GL102		U	1	4	1	4	2	4	4	3	2	1	4	4	1	1	2	4	4	3	4	3	4	3	3	4	1	3	4	4	3	4	3	4
GL106		T	1	4	1	4	2	4	4	4	2	1	4	4	1	1	2	4	4	3	4	3	4	3	3	4	1	1	4	4	3	4	3	4
GL106		U	1	4	1	4	2	4	4	4	2	1	4	4	1	1	2	4	4	3	4	3	4	3	3	4	1	1	4	4	3	4	3	4
GL20		T	1	4	1	4	2	4	4	4	2	1	4	4	1	1	2	4	4	3	4	3	4	3	3	4	1	1	4	4	3	4	3	4
GL20		U	1	4	1	4	2	4	4	3	2	1	4	4	1	1	2	4	4	3	4	3	4	3	3	4	1	3	4	4	3	4	3	4
GL30		T	1	4	1	4	2	4	4	4	2	1	4	4	1	1	2	4	4	3	4	3	4	3	3	4	1	1	4	4	3	4	3	4
GL30		U	1	4	1	4	2	4	4	3	2	1	4	4	1	1	2	4	4	3	4	3	4	3	3	4	1	3	4	4	3	4	3	4
GL33		T	1	4	1	4	2	4	4	4	2	1	4	4	1	1	2	4	4	3	4	3	4	3	3	4	1	1	4	4	3	4	3	4
GL33		U	1	4	1	4	2	4	4	3	2	1	4	4	1	1	2	4	4	3	4	3	4	3	3	4	1	3	4	4	3	4	3	4
GL70		T	1	4	1	4	2	4	4	3	2	1	4	4	1	1	2	4	4	3	4	3	4	3	3	4	1	3	4	4	3	4	3	4
GL70		U	1	4	1	4	2	4	4	3	2	1	4	4	1	1	2	4	4	3	4	3	4	3	3	4	1	1	4	4	3	4	3	4
GL71		T	1	4	1	4	2	4	4	4	2	1	4	4	1	1	2	4	4	3	4	3	4	3	3	4	1	1	4	4	3	4	3	4
GL71		U	1	4	1	4	2	4	4	4	2	1	4	4	1	1	2	4	4	3	4	3	4	3	3	4	1	1	4	4	3	4	3	4
GL89		T	1	4	1	4	2	4	4	4	2	1	4	4	1	1	2	4	4	3	4	3	4	3	3	4	1	1	4	4	3	4	3	4
GL89		U	1	4	1	4	2	4	4	3	2	1	4	4	1	1	2	4	4	3	4	3	4	3	3	4	1	3	4	4	3	4	3	4
GK17		T	1	4	1	4	2	4	4	4	2	1	4	4	1	1	2	4	4	3	4	3	4	3	3	4	1	1	4	4	3	4	3	4
GK17		U	1	4	1	4	2	4	4	4	2	1	4	4	1	1	2	4	4	3	4	3	4	3	3	4	1	1	4	4	3	4	3	4
GK19		T	1	4	1	4	2	4	4	4	2	1	4	4	1	1	2	4	4	3	4	3	4	3	3	4	1	1	4	4	3	4	3	4
GK19		U	1	4	1	4	2	4	4	4	2	1	4	4	1	1	2	4	4	3	4	3	4	3	3	4	1	1	4	4	3	4	3	4
GK24		T	1	4	1	4	2	4	4	4	2	1	4	4	1	1	2	4	4	3	4	3	4	3	3	4	1	1	4	4	3	4	3	4
GK24		U	1	4	1	4	2	4	4	4	2	1	4	4	1	1	2	4	4	3	4	3	4	3	3	4	1	1	4	4	3	4	3	4
GK54		T	1	4	1	4	2	4	4	4	2	1	4	4	1	1	2	4	4	3	4	3	4	3	3	4	1	1	4	4	3	4	3	4
GK54		U	1	4	1	4	2	4	4	4	2	1	4	4	1	1	2	4	4	3	4	3	4	3	3	4	1	1	4	4	3	4	3	4
GK59		T	1	4	1	4	2	4	4	4	2	1	4	4	1	1	2	4	4	3	4	3	4	3	3	4	1	1	4	4	3	4	3	4
GK59		U	1	4	1	4	2	4	4	4	2	1	4	4	1	1	2	4	4	3	4	3	4	3	3	4	1	1	4	4	3	4	3	4
GK2		T	1	4	4	4	2	4	4	4	2	1	4	4	1	1	2	4	4	3	4	3	4	3	3	2	4	3	4	4	3	4	3	4
GK2		U	1	4	1	4	2	4	4	4	2	1	4	4	1	1	2	4	4	3	4	3	4	3	3	4	1	1	4	4	3	4	3	4
GK23		T	1	4	1	4	2	4	4	4	2	1	4	4	1	1	2	4	4	3	4	3	4	3	3	4	1	1	4	4	3	4	3	4
GK23		U	4	4	4	4	2	4	4	4	2	1	1	4	4	1	2	4	4	3	4	1	4	1	3	2	4	1	4	4	3	4	3	4
GK31		T	1	4	4	4	2	4	4	4	2	1	4	4	1	1	2	4	4	3	4	1	4	3	3	2	4	1	4	4	3	4	3	4
GK31		U	1	4	1	4	2	4	4	4	2	1	4	4	1	1	2	4	4	3	4	3	4	3	3	4	1	1	4	4	3	4	3	4
GK34		T	1	4	4	4	2	4	4	4	2	1	4	4	1	1	2	4	4	3	4	1	4	3	3	2	4	1	4	4	3	4	3	4
GK34		U	1	4	1	4	2	4	4	4	2	1	4	4	1	1	2	4	4	3	4	3	4	3	3	4	1	1	4	4	3	4	3	4
GK45		T	1	4	1	4	2	4	4	4	2	1	4	4	1	1	2	4	4	3	4	3	4	3	3	4	1	1	4	4	3	4	3	4
GK45		U	4	4	4	4	2	4	4	4	2	1	1	4	4	1	2	4	4	3	4	1	4	1	3	2	4	1	4	4	3	4	3	4
GK53		T	1	4	4	4	2	4	4	4	2	1	4	4	1	1	2	4	4	3	4	1	4	3	3	2	4	1	4	4	3	4	3	4
GK53		U	1	4	1	4	2	4	4	4	2	1	4	4	1	1	2	4	4	3	4	3	4	3	3	4	1	1	4	4	3	4	3	4
GK57		T	1	4	4	4	2	4	4	4	2	1	4	4	1	1	2	4	4	3	4	3	4	3	3	2	4	3	4	4	3	4	3	4
GK57		U	1	4	1	4	2	4	4	4	2	1	4	4	1	1	2	4	4	3	4	3	4	3	3	4	1	1	4	4	3	4	3	4
GK58		T	1	4	4	4	2	4	4	4	2	1	4	4	1	1	2	4	4	3	4	1	4	3	3	2	4	1	4	4	3	4	3	4
GK58		U	1	4	1	4	2	4	4	4	2	1	4	4	1	1	2	4	4	3	4	3	4	3	3	4	1	1	4	4	3	4	3	4
GK32		T	1	4	1	4	2	4	4	4	2	1	4	4	1	1	2	4	4	3	4	3	4	3	3	4	1	1	4	4	3	4	3	4
GK32		U	1	4	1	4	2	4	4	4	2	1	4	4	4	1	2	4	4	3	4	1	4	1	3	4	4	1	4	4	3	4	3	4
GK33		T	1	4	4	4	2	4	4	4	2	1	4	4	1	1	2	4	4	3	4	3	4	3	3	4	4	3	4	4	3	4	3	4
GK33		U	1	4	1	4	2	4	4	4	2	1	4	4	1	1	2	4	4	3	4	3	4	3	3	4	1	1	4	4	3	4	3	4
GK35		T	1	4	4	4	2	4	4	4	2	1	4	4	1	1	2	4	4	3	4	1	4	3	3	4	4	1	4	4	3	4	3	4
GK35		U	1	4	1	4	2	4	4	4	2	1	4	4	1	1	2	4	4	3	4	3	4	3	3	4	1	1	4	4	3	4	3	4
GK43		T	1	4	4	4	2	4	4	4	2	1	1	4	4	1	2	4	4	3	4	1	4	1	3	4	4	1	4	4	3	4	3	4
GK43		U	1	4	1	4	2	4	4	4	2	1	4	4	1	1	2	4	4	3	4	3	4	3	3	4	1	1	4	4	3	4	3	4
GK47		T	1	4	4	4	2	4	4	4	2	1	4	4	1	1	2	4	4	3	4	1	4	3	3	4	4	1	4	4	3	4	3	4
GK47		U	1	4	1	4	2	4	4	4	2	1	4	4	1	1	2	4	4	3	4	3	4	3	3	4	1	1	4	4	3	4	3	4
GK48		T	1	4	4	4	2	4	4	4	2	1	4	4	4	1	2	4	4	3	4	1	4	3	3	4	4	3	4	4	3	4	3	4
GK48		U	1	4	1	4	2	4	4	4	2	1	4	4	1	1	2	4	4	3	4	3	4	3	3	4	1	1	4	4	3	4	3	4
GK60		T	1	4	1	4	2	4	4	4	2	1	4	4	1	1	2	4	4	3	4	3	4	3	3	4	4	1	4	4	3	4	3	4
GK60		U	1	4	1	4	2	4	4	4	2	1	4	4	1	1	2	4	4	3	4	3	4	3	3	4	1	1	4	4	3	4	3	4
GK11		T	1	4	4	4	2	4	4	4	2	1	4	4	4	1	2	4	4	3	4	1	4	3	3	4	4	3	4	4	3	4	3	4
GK11		U	4	4	4	4	2	4	4	4	2	1	1	4	4	1	2	4	4	3	4	1	4	1	3	4	4	1	4	4	3	4	3	4
GK12		T	1	4	4	4	2	4	4	4	2	1	4	4	1	1	2	4	4	3	4	1	4	3	3	4	4	1	4	4	3	4	3	4
GK12		U	1	4	4	4	2	4	4	4	2	1	1	4	4	1	2	4	4	3	4	1	4	3	3	4	4	1	4	4	3	4	3	4
GK18		T	1	4	1	4	2	4	4	4	2	1	4	4	1	1	2	4	4	3	4	1	4	3	3	4	4	1	4	4	3	4	3	4
GK18		U	1	4	1	4	2	4	4	4	2	1	4	4	1	1	2	4	4	3	4	3	4	3	3	4	4	1	4	4	3	4	3	4
GK21		T	1	4	4	4	2	4	4	4	2	1	4	4	1	1	2	4	4	3	4	3	4	3	3	4	4	3	4	4	3	4	3	4
GK21		U	1	4	4	4	2	4	4	4	2	1	1	4	4	1	2	4	4	3	4	1	4	3	3	4	4	1	4	4	3	4	3	4
GK26		T	1	4	4	4	2	4	4	4	2	1	4	4	4	1	2	4	4	3	4	1	4	3	3	4	4	3	4	4	3	4	3	4
GK26		U	1	4	4	4	2	4	4	4	2	1	1	4	4	1	2	4	4	3	4	1	4	3	3	4	4	1	4	4	3	4	3	4
GK30		T	1	4	4	4	2	4	4	4	2	1	4	4	1	1	2	4	4	3	4	3	4	3	3	4	4	3	1	4	3	4	3	4
GK30		U	1	4	1	4	2	4	4	4	2	1	4	4	1	1	2	4	4	3	4	1	4	3	3	4	4	1	4	4	3	4	3	4
GK6		T	1	4	4	4	2	4	4	4	2	1	4	4	1	1	2	4	4	3	4	1	4	3	3	4	4	1	4	4	3	4	3	4
GK6		U	1	4	4	4	2	4	4	4	2	1	1	4	4	1	2	4	4	3	4	1	4	3	3	4	4	1	4	4	3	4	3	4
GK38		T	1	4	4	4	2	4	4	4	2	1	4	4	1	1	2	4	4	3	4	1	4	3	3	4	4	1	4	4	3	4	3	4
GK38		U	1	4	4	4	2	4	4	4	2	1	4	4	1	1	2	4	4	3	4	3	4	3	3	4	4	3	4	4	3	4	3	4
GK40		T	1	4	4	4	2	4	4	4	2	1	1	4	4	1	2	4	4	3	4	1	4	3	3	4	4	3	4	4	3	4	3	4
GK40		U	1	4	4	4	2	4	4	4	2	1	1	4	4	1	2	4	4	3	4	1	4	3	3	4	4	1	4	4	3	4	3	4
GK41		T	1	4	4	4	2	4	4	4	2	1	4	4	1	1	2	4	4	3	4	3	4	3	3	4	4	3	1	4	3	4	3	4
GK41		U	1	4	1	4	2	4	4	4	2	1	4	4	1	1	2	4	4	3	4	3	4	3	3	4	4	3	4	4	3	4	3	4
GK42		T	1	4	4	4	2	4	4	4	2	1	4	4	1	1	2	4	4	3	4	3	4	3	3	4	4	3	1	4	3	4	3	4
GK42		U	1	4	4	4	2	4	4	4	2	1	4	4	4	1	2	4	4	3	4	1	4	3	3	4	4	3	4	4	3	4	3	4
GK46		T	4	4	4	4	2	4	4	4	2	1	1	4	4	1	2	4	4	3	4	1	4	1	3	4	4	1	4	4	3	4	3	4
GK46		U	4	4	4	4	2	4	4	4	2	1	1	4	4	1	2	4	4	3	4	1	4	1	3	4	4	1	4	4	3	4	3	4
GK49		T	1	4	4	4	2	4	4	4	2	1	4	4	1	1	2	4	4	3	4	3	4	3	3	4	4	3	1	4	3	4	3	4
GK49		U	1	4	1	4	2	4	4	4	2	1	4	4	1	1	2	4	4	3	4	3	4	3	3	4	4	3	4	4	3	4	3	4
GK50		T	1	4	4	4	2	4	4	4	2	1	4	4	1	1	2	4	4	3	4	1	4	3	3	4	4	1	4	4	3	4	3	4
GK50		U	1	4	4	4	2	4	4	4	2	1	4	4	1	1	2	4	4	3	4	3	4	3	3	4	4	3	4	4	3	4	3	4
GK52		T	1	4	4	4	2	4	4	4	2	1	1	4	4	1	2	4	4	3	4	1	4	3	3	4	4	3	4	4	3	4	3	4
GK52		U	1	4	4	4	2	4	4	4	2	1	1	4	4	1	2	4	4	3	4	1	4	3	3	4	4	1	4	4	3	4	3	4
GK55		T	1	4	4	4	2	4	4	4	2	1	1	4	4	1	2	4	4	3	4	1	4	3	3	4	4	3	4	4	3	4	3	4
GK55		U	1	4	4	4	2	4	4	4	2	1	1	4	4	1	2	4	4	3	4	1	4	1	3	4	4	1	4	4	3	4	3	4
GK56		T	1	4	4	4	2	4	4	4	2	1	4	4	1	1	2	4	4	3	4	3	4	3	3	4	4	3	1	4	3	4	3	4
GK56		U	1	4	1	4	2	4	4	4	2	1	4	4	1	1	2	4	4	3	4	3	4	3	3	4	4	3	4	4	3	4	3	4
GK29		T	1	4	4	4	2	4	4	4	2	1	4	4	1	1	2	4	4	3	4	1	4	3	3	2	4	1	4	4	3	4	3	4
GK29		U	1	4	4	4	2	4	4	4	2	1	4	4	1	1	2	4	4	3	4	3	4	3	3	4	4	3	1	4	3	4	3	4
GK36		T	1	4	4	4	2	4	4	4	2	1	4	4	1	1	2	4	4	3	4	3	4	3	3	4	4	3	4	4	3	4	3	4
GK36		U	4	4	4	4	2	4	4	4	2	1	1	4	4	1	2	4	4	3	4	1	4	1	3	2	4	1	4	4	3	4	3	4
GK37		T	1	4	4	4	2	4	4	4	2	1	4	4	1	1	2	4	4	3	4	3	4	3	3	4	4	3	4	4	3	4	3	4
GK37		U	4	4	4	4	2	4	4	4	2	1	1	4	4	1	2	4	4	3	4	1	4	1	3	2	4	1	4	4	3	4	3	4
GK44		T	1	4	4	4	2	4	4	4	2	1	4	4	1	1	2	4	4	3	4	1	4	3	3	4	4	1	4	4	3	4	3	4
GK44		U	4	4	4	4	2	4	4	4	2	1	1	4	4	1	2	4	4	3	4	1	4	1	3	2	4	1	4	4	3	4	3	4
GK39		T	1	4	4	4	2	4	4	4	2	1	4	4	1	1	2	4	4	3	4	1	4	3	3	4	4	1	4	4	3	4	3	4
GK39		U	4	4	4	4	2	4	4	4	2	1	1	4	4	1	2	4	4	3	4	1	4	1	3	2	4	1	4	4	3	4	3	4