Gh0237		T	1	4	4	4	2	4	4	4	2	4	4	1	4	2	4	4	4	3	1	1	3	3	3	4	4	3	4	2	3	4	1	2
Gh0237		U	1	4	4	4	2	4	4	4	2	4	4	1	4	2	4	4	4	3	1	1	3	3	4	4	4	3	4	2	3	4	1	2
Gh0181		T	1	4	4	4	2	4	4	4	2	4	4	1	4	2	4	4	4	3	1	1	3	3	3	4	4	3	4	2	3	4	1	2
Gh0181		U	1	4	4	4	2	4	4	4	2	4	4	1	4	2	4	4	4	3	1	1	3	3	3	4	4	3	4	2	3	4	1	2
Gh0224		T	1	4	4	4	2	4	4	4	2	4	4	1	4	2	4	4	4	3	1	1	3	3	3	4	4	3	4	2	3	4	1	2
Gh0224		U	1	4	4	4	2	4	4	4	2	4	4	1	4	2	4	4	4	3	1	1	3	3	3	4	4	3	4	2	3	4	1	2
Gh0248		T	1	4	4	4	2	4	4	4	2	4	4	4	4	2	2	4	4	3	1	1	3	3	3	4	4	3	4	2	3	4	1	2
Gh0248		U	1	4	4	4	2	4	4	4	2	4	4	1	4	2	2	4	4	3	1	1	3	3	3	4	4	3	4	2	3	4	1	2
Gh0216		T	1	4	4	4	2	4	4	4	2	4	4	1	4	2	2	4	4	3	1	1	3	3	3	4	4	3	4	2	3	4	1	2
Gh0216		U	1	4	4	4	2	4	4	4	2	4	4	1	4	2	4	4	4	3	1	1	3	3	4	4	4	3	4	2	3	4	1	2
Gh0246		T	1	4	4	4	2	4	4	4	2	4	4	1	4	2	2	4	4	3	1	1	3	3	3	4	4	3	4	2	3	4	1	2
Gh0246		U	1	4	4	4	2	4	4	4	1	4	4	1	4	2	2	4	4	1	1	1	3	3	3	4	4	3	4	2	3	4	1	2
Gh0250		T	1	4	4	4	2	4	4	4	2	4	4	1	4	2	4	4	4	3	1	1	3	3	3	4	4	3	4	2	3	4	1	2
Gh0250		U	1	4	4	4	2	4	4	4	2	4	4	1	4	2	4	4	4	3	1	1	3	3	4	4	4	3	4	2	3	4	1	2
Gh0247		T	1	4	4	4	2	4	4	4	2	4	4	1	4	2	2	4	4	3	1	1	3	3	3	4	4	3	4	2	3	4	1	2
Gh0247		U	1	4	4	4	2	4	4	4	2	4	4	1	4	2	4	4	4	3	1	1	3	3	3	4	4	3	4	2	3	4	1	2
Gh0228		T	1	4	4	4	2	4	4	4	2	4	4	4	4	2	2	4	4	3	1	1	3	3	3	4	4	3	4	2	3	4	1	2
Gh0228		U	1	4	4	4	2	4	4	4	2	4	4	1	4	2	4	4	4	3	1	1	3	3	3	4	4	3	4	2	3	4	1	2
Gh0226		T	1	4	4	4	2	4	4	4	2	4	4	1	4	2	2	4	4	3	1	1	3	3	3	4	4	3	4	2	3	4	1	2
Gh0226		U	1	4	4	4	2	4	4	4	1	4	4	1	4	2	2	4	4	1	1	1	3	3	3	4	4	3	4	2	3	4	1	2
Gh0203		T	1	4	4	4	2	4	4	4	2	4	4	4	4	2	2	4	4	3	1	1	3	3	3	4	4	3	4	2	3	4	1	2
Gh0203		U	1	4	4	4	2	4	4	4	2	4	4	1	4	2	4	4	4	3	1	1	3	3	3	4	4	3	4	2	3	4	1	2
Gh0196		T	1	4	4	4	2	4	4	4	2	4	4	1	4	2	4	4	4	3	1	1	3	3	4	4	4	3	4	2	3	4	1	2
Gh0196		U	1	4	4	4	2	4	4	4	1	4	4	1	4	2	2	4	4	3	1	1	3	3	3	4	4	3	4	2	3	4	1	2
Gh0191		T	1	4	4	4	2	4	4	4	2	4	4	1	4	2	4	4	4	3	1	1	3	3	3	4	4	3	4	2	3	4	1	2
Gh0191		U	1	4	4	4	2	4	4	4	1	4	4	4	4	2	2	4	4	3	1	1	3	3	3	4	4	3	4	2	3	4	1	2
Gh0186		T	1	4	4	4	2	4	4	4	2	4	4	1	4	2	2	4	4	3	1	1	3	3	3	4	4	3	4	2	3	4	1	2
Gh0186		U	1	4	4	4	2	4	4	4	2	4	4	1	4	2	4	4	4	3	1	1	3	3	4	4	4	3	4	2	3	4	1	2
Gh0185		T	1	4	4	4	2	4	4	4	2	4	4	4	4	2	2	4	4	3	1	1	3	3	3	4	4	3	4	2	3	4	1	2
Gh0185		U	1	4	4	4	2	4	4	4	2	4	4	1	4	2	2	4	4	3	1	1	3	3	3	4	4	3	4	2	3	4	1	2
Gh0184		T	1	4	4	4	2	4	4	4	2	4	4	4	4	2	2	4	4	3	1	1	3	3	3	4	4	3	4	2	3	4	1	2
Gh0184		U	1	4	4	4	2	4	4	4	2	4	4	1	4	2	4	4	4	3	1	1	3	3	3	4	4	3	4	2	3	4	1	2
Gh0183		T	1	4	4	4	2	4	4	4	2	4	4	4	4	2	2	4	4	3	1	1	3	3	3	4	4	3	4	2	3	4	1	2
Gh0183		U	1	4	4	4	2	4	4	4	2	4	4	1	4	2	2	4	4	3	1	1	3	3	4	4	4	3	4	2	3	4	1	2
Gh0182		T	1	4	4	4	2	4	4	4	2	4	4	4	4	2	2	4	4	3	1	1	3	3	3	4	4	3	4	2	3	4	1	2
Gh0182		U	1	4	4	4	2	4	4	4	2	4	4	1	4	2	2	4	4	3	1	1	3	3	4	4	4	3	4	2	3	4	1	2
Gh0180		T	1	4	4	4	2	4	4	4	2	4	4	4	4	2	2	4	4	3	1	1	3	3	3	4	4	3	4	2	3	4	1	2
Gh0180		U	1	4	4	4	2	4	4	4	1	4	4	4	4	2	2	4	4	3	1	1	3	3	3	4	4	3	4	2	3	4	1	2
Gh0178		T	1	4	4	4	2	4	4	4	2	4	4	4	4	2	2	4	4	3	1	1	3	3	3	4	4	3	4	2	3	4	1	2
Gh0178		U	1	4	4	4	2	4	4	4	2	4	4	1	4	2	4	4	4	3	1	1	3	3	3	4	4	3	4	2	3	4	1	2
Gh0177		T	1	4	4	4	2	4	4	4	2	4	4	4	4	2	2	4	4	3	1	1	3	3	3	4	4	3	4	2	3	4	1	2
Gh0177		U	1	4	4	4	2	4	4	4	2	4	4	4	4	2	2	4	4	3	1	1	3	3	3	4	4	3	4	2	3	4	1	2
Gh0175		T	1	4	4	4	2	4	4	4	2	4	4	1	4	2	2	4	4	3	1	1	3	3	3	4	4	3	4	2	3	4	1	2
Gh0175		U	1	4	4	4	2	4	4	4	2	4	4	1	4	2	4	4	4	3	1	1	3	3	3	4	4	3	4	2	3	4	1	2
Gh0244		T	1	4	4	4	2	4	4	4	2	4	4	1	4	2	2	4	4	3	1	1	3	3	3	4	4	3	4	2	3	4	1	2
Gh0244		U	1	4	4	4	2	4	4	4	2	4	4	1	4	2	2	4	4	3	1	1	3	3	4	4	4	3	4	2	3	4	1	2
Gh0242		T	1	4	4	4	2	4	4	4	2	4	4	1	4	2	4	4	4	3	1	1	3	3	3	4	4	3	4	2	3	4	1	2
Gh0242		U	1	4	4	4	2	4	4	4	1	4	4	4	4	2	2	4	4	3	1	1	3	3	3	4	4	3	4	2	3	4	1	2
Gh0236		T	1	4	4	4	2	4	4	4	2	4	4	4	4	2	2	4	4	3	1	1	3	3	3	4	4	3	4	2	3	4	1	2
Gh0236		U	1	4	4	4	2	4	4	4	2	4	4	1	4	2	4	4	4	3	1	1	3	3	3	4	4	3	4	2	3	4	1	2
Gh0243		T	1	4	4	4	2	4	4	4	2	4	4	1	4	2	2	4	4	3	1	1	3	3	3	4	4	3	4	2	3	4	1	2
Gh0243		U	1	4	4	4	2	4	4	4	2	4	4	1	4	2	4	4	4	3	1	1	3	3	4	4	4	3	4	2	3	4	1	2
Gh0187		T	1	4	4	4	2	4	4	4	2	4	4	4	4	2	2	4	4	3	1	1	3	3	3	4	4	3	4	2	3	4	1	2
Gh0187		U	1	4	4	4	2	4	4	4	2	4	4	1	4	2	4	4	4	3	1	1	3	3	3	4	4	3	4	2	3	4	1	2
Gh0201		T	1	4	4	4	2	4	4	4	2	4	4	4	4	2	2	4	4	3	1	1	3	3	3	4	4	3	4	2	3	4	1	2
Gh0201		U	1	4	4	4	2	4	4	4	2	4	4	1	4	2	2	4	4	3	1	1	3	3	4	4	4	3	4	2	3	4	1	2
Gh0220		T	1	4	4	4	2	4	4	4	2	4	4	1	4	2	2	4	4	3	1	1	3	3	3	4	4	3	4	2	3	4	1	2
Gh0220		U	1	4	4	4	2	4	4	4	2	4	4	1	4	2	2	4	4	3	1	1	3	3	3	4	4	3	4	2	3	4	1	2
GhAc02		T	1	4	4	4	2	4	4	4	2	1	4	4	1	1	2	4	4	3	4	3	4	3	3	4	1	3	4	4	3	4	3	4
GhAc02		U	1	4	4	4	4	4	4	4	2	4	4	1	4	2	2	4	4	3	1	1	3	3	3	4	4	3	4	2	3	4	1	2
