GK51		T	1	4	4	4	2	4	4	4	2	4	4	1	4	2	4	4	4	3	1	1	3	3	3	4	4	3	4	2	3	4	1	2
GK51		U	1	4	4	4	2	4	4	4	1	4	4	1	4	2	2	4	4	1	1	1	3	3	3	4	4	3	4	2	3	4	1	2
RB297		T	1	4	4	4	4	4	4	4	2	4	4	1	4	2	2	4	4	3	1	1	3	3	3	4	4	3	4	2	3	4	1	2
RB297		U	1	4	4	4	4	4	4	4	1	4	4	1	4	2	2	4	4	1	1	1	3	3	3	4	4	3	4	2	3	4	1	2
RB3		T	1	4	4	4	4	4	4	4	1	4	4	1	4	2	2	4	4	3	1	1	3	3	3	4	4	3	4	2	3	4	1	2
RB3		U	1	4	4	4	4	4	4	4	1	4	4	1	4	2	2	4	4	1	1	1	3	3	3	4	4	3	4	2	3	4	1	2
RB4		T	1	4	4	4	4	4	4	4	1	4	4	1	4	2	2	4	4	1	1	1	3	3	3	4	4	3	4	2	3	4	1	2
RB4		U	1	4	4	4	4	4	4	4	1	4	4	1	4	2	2	4	4	1	1	1	3	3	3	4	4	3	4	2	3	4	1	2
RB5		T	1	4	4	4	4	4	4	4	1	4	4	1	4	2	2	4	4	1	1	1	3	3	3	4	4	3	4	2	3	4	1	2
RB5		U	1	4	4	4	4	4	4	4	1	4	4	1	4	2	2	4	4	1	1	1	3	3	3	4	4	3	4	2	3	4	1	2
RB6		T	1	4	4	4	2	4	4	4	1	4	4	4	4	2	2	4	4	3	1	1	3	3	3	4	4	3	4	2	3	4	1	2
RB6		U	1	4	4	4	4	4	4	4	1	4	4	1	4	2	2	4	4	1	1	1	3	3	3	4	4	3	4	2	3	4	1	2
RB7		T	1	4	4	4	2	4	4	4	2	4	4	1	4	2	2	4	4	3	1	1	3	3	3	4	4	3	4	2	3	4	1	2
RB7		U	1	4	4	4	4	4	4	4	1	4	4	1	4	2	2	4	4	1	1	1	3	3	3	4	4	3	4	2	3	4	1	2
RB8		T	1	4	4	4	2	4	4	4	2	4	4	1	4	2	2	4	4	3	1	1	3	3	3	4	4	3	4	2	3	4	1	2
RB8		U	1	4	4	4	2	4	4	4	2	4	4	1	4	2	2	4	3	3	1	1	3	3	4	4	4	3	4	2	3	4	1	2
RB9		T	1	4	4	4	4	4	4	4	2	4	4	1	4	2	2	4	4	1	1	1	3	3	4	4	4	3	4	2	3	4	1	2
RB9		U	1	4	4	4	4	4	4	4	1	4	4	1	4	2	2	4	4	1	1	1	3	3	3	4	4	3	4	2	3	4	1	2
RB10		T	1	4	4	4	2	4	4	4	2	4	4	1	4	2	2	4	3	3	1	1	3	3	4	4	4	3	4	2	3	4	1	2
RB10		U	1	4	4	4	4	4	4	4	2	4	4	1	4	2	2	4	4	3	1	1	3	3	3	4	4	3	4	2	3	4	1	2
RB11		T	1	4	4	4	2	4	4	4	1	4	4	4	4	2	2	4	4	3	1	1	3	3	3	4	4	3	4	2	3	4	1	2
RB11		U	1	4	4	4	4	4	4	4	1	4	4	1	4	2	2	4	4	3	1	1	3	3	3	4	4	3	4	2	3	4	1	2
RB12		T	1	4	4	4	2	4	4	4	2	4	4	1	4	2	2	4	3	3	1	1	3	3	4	4	4	3	4	2	3	4	1	2
RB12		U	1	4	4	4	4	4	4	4	1	4	4	4	4	2	2	4	4	3	1	1	3	3	3	4	4	3	4	2	3	4	1	2
RB13		T	1	4	4	4	2	4	4	4	1	4	4	4	4	2	2	4	4	3	1	1	3	3	3	4	4	3	4	2	3	4	1	2
RB13		U	1	4	4	4	4	4	4	4	1	4	4	1	4	2	2	4	4	3	1	1	3	3	3	4	4	3	4	2	3	4	1	2
RB14		T	1	4	4	4	2	4	4	4	2	4	4	1	4	2	2	4	3	3	1	1	3	3	4	4	4	3	4	2	3	4	1	2
RB14		U	1	4	4	4	4	4	4	4	1	4	4	1	4	2	2	4	4	1	1	1	3	3	3	4	4	3	4	2	3	4	1	2
RB15		T	1	4	4	4	2	4	4	4	2	4	4	1	4	2	2	4	4	3	1	1	3	3	3	4	4	3	4	2	3	4	1	2
RB15		U	1	4	4	4	4	4	4	4	1	4	4	1	4	2	2	4	4	1	1	1	3	3	3	4	4	3	4	2	3	4	1	2
RB63		T	1	4	4	4	2	4	4	4	2	4	4	1	4	2	2	4	3	3	1	1	3	3	3	4	4	3	4	2	3	4	1	2
RB63		U	1	4	4	4	4	4	4	4	1	4	4	4	4	2	2	4	4	3	1	1	3	3	3	4	4	3	4	2	3	4	1	2
RB64		T	1	4	4	4	2	4	4	4	2	4	4	1	4	2	2	4	4	3	1	1	3	3	3	4	4	3	4	2	3	4	1	2
RB64		U	1	4	4	4	4	4	4	4	1	4	4	1	4	2	2	4	4	1	1	1	3	3	3	4	4	3	4	2	3	4	1	2
RB65		T	1	4	4	4	2	4	4	4	2	4	4	1	4	2	2	4	3	3	1	1	3	3	4	4	4	3	4	2	3	4	1	2
RB65		U	1	4	4	4	4	4	4	4	2	4	4	1	4	2	2	4	4	3	1	1	3	3	3	4	4	3	4	2	3	4	1	2
RB66		T	1	4	4	4	2	4	4	4	2	4	4	1	4	2	2	4	4	3	1	1	3	3	3	4	4	3	4	2	3	4	1	2
RB66		U	1	4	4	4	4	4	4	4	1	4	4	1	4	2	2	4	4	1	1	1	3	3	3	4	4	3	4	2	3	4	1	2
RB67		T	1	4	4	4	2	4	4	4	2	4	4	1	4	2	2	4	3	3	1	1	3	3	3	4	4	3	4	2	3	4	1	2
RB67		U	1	4	4	4	4	4	4	4	1	4	4	1	4	2	2	4	4	1	1	1	3	3	3	4	4	3	4	2	3	4	1	2
RB224		T	1	4	4	4	2	4	4	4	2	4	4	1	4	2	2	4	4	1	1	1	3	3	4	4	4	3	4	2	3	4	1	2
RB224		U	1	4	4	4	4	4	4	4	1	4	4	1	4	2	2	4	4	1	1	1	3	3	3	4	4	3	4	2	3	4	1	2
RB223		T	1	4	4	4	2	4	4	4	2	4	4	1	4	2	2	4	4	3	1	1	3	3	3	4	4	3	4	2	3	4	1	2
RB223		U	1	4	4	4	2	4	4	4	2	4	4	1	4	2	2	4	3	3	1	1	3	3	4	4	4	3	4	2	3	4	1	2
RB222		T	1	4	4	4	2	4	4	4	2	4	4	1	4	2	2	4	4	3	1	1	3	3	3	4	4	3	4	2	3	4	1	2
RB222		U	1	4	4	4	2	4	4	4	2	4	4	1	4	2	2	4	4	1	1	1	3	3	3	4	4	3	4	2	3	4	1	2
RB225		T	1	4	4	4	2	4	4	4	2	4	4	1	4	2	2	4	3	3	1	1	3	3	3	4	4	3	4	2	3	4	1	2
RB225		U	1	4	4	4	4	4	4	4	1	4	4	1	4	2	2	4	4	1	1	1	3	3	3	4	4	3	4	2	3	4	1	2
RB226		T	1	4	4	4	2	4	4	4	2	4	4	1	4	2	2	4	4	3	1	1	3	3	3	4	4	3	4	2	3	4	1	2
RB226		U	1	4	4	4	4	4	4	4	1	4	4	1	4	2	2	4	4	3	1	1	3	3	3	4	4	3	4	2	3	4	1	2
RB227		T	1	4	4	4	2	4	4	4	2	4	4	1	4	2	2	4	4	3	1	1	3	3	3	4	4	3	4	2	3	4	1	2
RB227		U	1	4	4	4	4	4	4	4	1	4	4	1	4	2	2	4	4	1	1	1	3	3	3	4	4	3	4	2	3	4	1	2
RB228		T	1	4	4	4	2	4	4	4	1	4	4	1	4	2	2	4	4	1	1	1	3	3	3	4	4	3	4	2	3	4	1	2
RB228		U	1	4	4	4	2	4	4	4	1	4	4	1	4	2	2	4	4	1	1	1	3	3	3	4	4	3	4	2	3	4	1	2
RB229		T	1	4	4	4	2	4	4	4	2	4	4	1	4	2	2	4	3	3	1	1	3	3	4	4	4	3	4	2	3	4	1	2
RB229		U	1	4	4	4	4	4	4	4	1	4	4	1	4	2	2	4	4	1	1	1	3	3	3	4	4	3	4	2	3	4	1	2
RB230		T	1	4	4	4	2	4	4	4	2	4	4	1	4	2	2	4	4	1	1	1	3	3	4	4	4	3	4	2	3	4	1	2
RB230		U	1	4	4	4	2	4	4	4	2	4	4	1	4	2	2	4	3	3	1	1	3	3	4	4	4	3	4	2	3	4	1	2
RB231		T	1	4	4	4	2	4	4	4	2	4	4	1	4	2	2	4	3	3	1	1	3	3	3	4	4	3	4	2	3	4	1	2
RB231		U	1	4	4	4	4	4	4	4	1	4	4	1	4	2	2	4	4	1	1	1	3	3	3	4	4	3	4	2	3	4	1	2
RB232		T	1	4	4	4	2	4	4	4	1	4	4	4	4	2	2	4	4	3	1	1	3	3	3	4	4	3	4	2	3	4	1	2
RB232		U	1	4	4	4	4	4	4	4	1	4	4	1	4	2	2	4	4	1	1	1	3	3	3	4	4	3	4	2	3	4	1	2
RB233		T	1	4	4	4	2	4	4	4	1	4	4	4	4	2	2	4	4	3	1	1	3	3	3	4	4	3	4	2	3	4	1	2
RB233		U	1	4	4	4	4	4	4	4	1	4	4	1	4	2	2	4	4	1	1	1	3	3	3	4	4	3	4	2	3	4	1	2
An801		T	1	4	4	4	4	4	4	4	1	4	4	4	4	2	2	4	4	3	1	1	3	3	3	4	4	3	4	2	3	4	3	2
An801		U	1	4	4	4	4	4	4	4	1	4	4	1	4	2	2	4	4	1	1	1	3	3	3	4	4	3	4	2	3	4	3	2
An900		T	1	4	4	4	2	4	4	4	2	4	4	1	4	2	2	4	4	3	1	1	3	3	3	4	4	3	4	2	3	4	1	2
An900		U	1	4	4	4	4	4	4	4	1	4	4	1	4	2	2	4	4	3	1	1	3	3	3	4	4	3	4	2	3	4	1	2
An902		T	1	4	4	4	2	4	4	4	2	4	4	1	4	2	2	4	4	3	1	1	3	3	3	4	4	3	4	2	3	4	1	2
An902		U	1	4	4	4	2	4	4	4	1	4	4	1	4	2	2	4	4	1	1	1	3	3	3	4	4	3	4	2	3	4	1	2
An903		T	1	4	4	4	2	4	4	4	2	4	4	4	4	2	2	4	4	3	1	1	3	3	3	4	4	3	4	2	3	4	1	2
An903		U	1	4	4	4	2	4	4	4	1	4	4	1	4	2	2	4	4	1	1	1	3	3	3	4	4	3	4	2	3	4	1	2
An904		T	1	4	4	4	4	4	4	4	1	4	4	1	4	2	2	4	4	1	1	1	3	3	3	4	4	3	4	2	3	4	1	2
An904		U	1	4	4	4	4	4	4	4	1	4	4	1	4	2	2	4	4	1	1	1	3	3	3	4	4	3	4	2	3	4	1	2
An905		T	1	4	4	4	2	4	4	4	1	4	4	4	4	2	2	4	4	3	1	1	3	3	3	4	4	3	4	2	3	4	1	2
An905		U	1	4	4	4	2	4	4	4	1	4	4	1	4	2	2	4	4	1	1	1	3	3	3	4	4	3	4	2	3	4	1	2
An906		T	1	4	4	4	2	4	4	4	2	4	4	1	4	2	2	4	4	3	1	1	3	3	3	4	4	3	4	2	3	4	1	2
An906		U	1	4	4	4	2	4	4	4	1	4	4	4	4	2	2	4	4	3	1	1	3	3	3	4	4	3	4	2	3	4	1	2
An907		T	1	4	4	4	4	4	4	4	1	4	4	1	4	2	2	4	4	1	1	1	3	3	3	4	4	3	4	2	3	4	1	2
An907		U	1	4	4	4	4	4	4	4	1	4	4	1	4	2	2	4	4	1	1	1	3	3	3	4	4	3	4	2	3	4	1	2
An1003		T	1	4	4	4	2	4	4	4	1	4	4	4	4	2	2	4	4	3	1	1	3	3	3	4	4	3	4	2	3	4	1	2
An1003		U	1	4	4	4	4	4	4	4	1	4	4	1	4	2	2	4	4	1	1	1	3	3	3	4	4	3	4	2	3	4	1	2
An1004		T	1	4	4	4	2	4	4	4	2	4	4	1	4	2	2	4	4	3	1	1	3	3	3	4	4	3	4	2	3	4	1	2
An1004		U	1	4	4	4	4	4	4	4	1	4	4	1	4	2	2	4	4	1	1	1	3	3	3	4	4	3	4	2	3	4	1	2
An1005		T	1	4	4	4	2	4	4	4	2	4	4	1	4	2	2	4	4	1	1	1	3	3	3	4	4	3	4	2	3	4	1	2
An1005		U	1	4	4	4	4	4	4	4	2	4	4	1	4	2	2	4	4	3	1	1	3	3	3	4	4	3	4	2	3	4	1	2
An1006		T	1	4	4	4	2	4	4	4	2	4	4	1	4	2	2	4	4	1	1	1	3	3	3	4	4	3	4	2	3	4	1	2
An1006		U	1	4	4	4	4	4	4	4	1	4	4	1	4	2	2	4	4	1	1	1	3	3	3	4	4	3	4	2	3	4	1	2
An1007		T	1	4	4	4	4	4	4	4	1	4	4	4	4	2	2	4	4	3	1	1	3	3	3	4	4	3	4	2	3	4	1	2
An1007		U	1	4	4	4	4	4	4	4	1	4	4	1	4	2	2	4	4	1	1	1	3	3	3	4	4	3	4	2	3	4	1	2
An1008		T	1	4	4	4	2	4	4	4	2	4	4	1	4	2	2	4	4	3	1	1	3	3	3	4	4	3	4	2	3	4	1	2
An1008		U	1	4	4	4	2	4	4	4	1	4	4	4	4	2	2	4	4	3	1	1	3	3	3	4	4	3	4	2	3	4	1	2
An1009		T	1	4	4	4	2	4	4	4	1	4	4	1	4	2	2	4	4	1	1	1	3	3	3	4	4	3	4	2	3	4	1	2
An1009		U	1	4	4	4	4	4	4	4	1	4	4	1	4	2	2	4	4	1	1	1	3	3	3	4	4	3	4	2	3	4	1	2
An1010		T	1	4	4	4	2	4	4	4	1	4	4	4	4	2	2	4	4	3	1	1	3	3	3	4	4	3	4	2	3	4	1	2
An1010		U	1	4	4	4	4	4	4	4	1	4	4	1	4	2	2	4	4	1	1	1	3	3	3	4	4	3	4	2	3	4	1	2
An1100		T	1	4	4	4	4	4	4	4	1	4	4	1	4	2	2	4	4	3	1	1	3	3	3	4	4	3	4	2	3	4	1	2
An1100		U	1	4	4	4	4	4	4	4	1	4	4	1	4	2	2	4	4	1	1	1	3	3	3	4	4	3	4	2	3	4	1	2
An1101		T	1	4	4	4	4	4	4	4	1	4	4	1	4	2	2	4	4	1	1	1	3	3	3	4	4	3	4	2	3	4	1	2
An1101		U	1	4	4	4	4	4	4	4	1	4	4	1	4	2	2	4	4	1	1	1	3	3	3	4	4	3	4	2	3	4	1	2
An1102		T	1	4	4	4	2	4	4	4	1	4	4	4	4	2	2	4	4	3	1	1	3	3	3	4	4	3	4	2	3	4	1	2
An1102		U	1	4	4	4	4	4	4	4	1	4	4	1	4	2	2	4	4	1	1	1	3	3	3	4	4	3	4	2	3	4	1	2
An1103		T	1	4	4	4	2	4	4	4	2	4	4	1	4	2	2	4	4	3	1	1	3	3	3	4	4	3	4	2	3	4	1	2
An1103		U	1	4	4	4	2	4	4	4	1	4	4	4	4	2	2	4	4	3	1	1	3	3	3	4	4	3	4	2	3	4	1	2
An1105		T	1	4	4	4	4	4	4	4	1	4	4	1	4	2	2	4	4	1	1	1	3	3	3	4	4	3	4	2	3	4	1	2
An1105		U	1	4	4	4	4	4	4	4	1	4	4	1	4	2	2	4	4	1	1	1	3	3	3	4	4	3	4	2	3	4	1	2
An1106		T	1	4	4	4	2	4	4	4	1	4	4	4	4	2	2	4	4	3	1	1	3	3	3	4	4	3	4	2	3	4	1	2
An1106		U	1	4	4	4	4	4	4	4	1	4	4	1	4	2	2	4	4	1	1	1	3	3	3	4	4	3	4	2	3	4	1	2
An1108		T	1	4	4	4	2	4	4	4	2	4	4	1	4	2	4	4	4	3	1	1	3	3	3	4	4	3	4	2	3	4	1	2
An1108		U	1	4	4	4	2	4	4	4	1	4	4	1	4	2	2	4	4	1	1	1	3	3	3	4	4	3	4	2	3	4	1	2
An1109		T	1	4	4	4	2	4	4	4	2	4	4	1	4	2	2	4	4	3	1	1	3	3	3	4	4	3	4	2	3	4	1	2
An1109		U	1	4	4	4	2	4	4	4	2	4	4	1	4	2	2	4	4	3	1	1	3	3	3	4	4	3	4	2	3	4	1	2
An1110		T	1	4	4	4	2	4	4	4	2	4	4	1	4	2	4	4	4	3	1	1	3	3	3	4	4	3	4	2	3	4	1	2
An1110		U	1	4	4	4	4	4	4	4	1	4	4	1	4	2	2	4	4	1	1	1	3	3	3	4	4	3	4	2	3	4	1	2
An1111		T	1	4	4	4	2	4	4	4	1	4	4	1	4	2	2	4	4	1	1	1	3	3	3	4	4	3	4	2	3	4	1	2
An1111		U	1	4	4	4	4	4	4	4	1	4	4	1	4	2	2	4	4	3	1	1	3	3	3	4	4	3	4	2	3	4	1	2
An1112		T	1	4	4	4	2	4	4	4	2	4	4	1	4	2	2	4	4	1	1	1	3	3	3	4	4	3	4	2	3	4	1	2
An1112		U	1	4	4	4	2	4	4	4	2	4	4	1	4	2	4	4	4	3	1	1	3	3	3	4	4	3	4	2	3	4	1	2
An1113		T	1	4	4	4	2	4	4	4	1	4	4	4	4	2	2	4	4	3	1	1	3	3	3	4	4	3	4	2	3	4	1	2
An1113		U	1	4	4	4	2	4	4	4	1	4	4	4	4	2	2	4	4	3	1	1	3	3	3	4	4	3	4	2	3	4	1	2
An1114		T	1	4	4	4	4	4	4	4	2	4	4	1	4	2	4	4	4	3	1	1	3	3	3	4	4	3	4	2	3	4	1	2
An1114		U	1	4	4	4	4	4	4	4	1	4	4	1	4	2	2	4	4	1	1	1	3	3	3	4	4	3	4	2	3	4	1	2
An1115		T	1	4	4	4	2	4	4	4	2	4	4	1	4	2	2	4	4	3	1	1	3	3	3	4	4	3	4	2	3	4	1	2
An1115		U	1	4	4	4	4	4	4	4	1	4	4	1	4	2	2	4	4	1	1	1	3	3	3	4	4	3	4	2	3	4	1	2
Gh0237		T	1	4	4	4	2	4	4	4	2	4	4	1	4	2	4	4	4	3	1	1	3	3	3	4	4	3	4	2	3	4	1	2
Gh0237		U	1	4	4	4	2	4	4	4	2	4	4	1	4	2	4	4	4	3	1	1	3	3	4	4	4	3	4	2	3	4	1	2
Gh0181		T	1	4	4	4	2	4	4	4	2	4	4	1	4	2	4	4	4	3	1	1	3	3	3	4	4	3	4	2	3	4	1	2
Gh0181		U	1	4	4	4	2	4	4	4	2	4	4	1	4	2	4	4	4	3	1	1	3	3	3	4	4	3	4	2	3	4	1	2
Gh0224		T	1	4	4	4	2	4	4	4	2	4	4	1	4	2	4	4	4	3	1	1	3	3	3	4	4	3	4	2	3	4	1	2
Gh0224		U	1	4	4	4	2	4	4	4	2	4	4	1	4	2	4	4	4	3	1	1	3	3	3	4	4	3	4	2	3	4	1	2
Gh0248		T	1	4	4	4	2	4	4	4	2	4	4	4	4	2	2	4	4	3	1	1	3	3	3	4	4	3	4	2	3	4	1	2
Gh0248		U	1	4	4	4	2	4	4	4	2	4	4	1	4	2	2	4	4	3	1	1	3	3	3	4	4	3	4	2	3	4	1	2
Gh0216		T	1	4	4	4	2	4	4	4	2	4	4	1	4	2	2	4	4	3	1	1	3	3	3	4	4	3	4	2	3	4	1	2
Gh0216		U	1	4	4	4	2	4	4	4	2	4	4	1	4	2	4	4	4	3	1	1	3	3	4	4	4	3	4	2	3	4	1	2
Gh0246		T	1	4	4	4	2	4	4	4	2	4	4	1	4	2	2	4	4	3	1	1	3	3	3	4	4	3	4	2	3	4	1	2
Gh0246		U	1	4	4	4	2	4	4	4	1	4	4	1	4	2	2	4	4	1	1	1	3	3	3	4	4	3	4	2	3	4	1	2
Gh0250		T	1	4	4	4	2	4	4	4	2	4	4	1	4	2	4	4	4	3	1	1	3	3	3	4	4	3	4	2	3	4	1	2
Gh0250		U	1	4	4	4	2	4	4	4	2	4	4	1	4	2	4	4	4	3	1	1	3	3	4	4	4	3	4	2	3	4	1	2
Gh0247		T	1	4	4	4	2	4	4	4	2	4	4	1	4	2	2	4	4	3	1	1	3	3	3	4	4	3	4	2	3	4	1	2
Gh0247		U	1	4	4	4	2	4	4	4	2	4	4	1	4	2	4	4	4	3	1	1	3	3	3	4	4	3	4	2	3	4	1	2
Gh0228		T	1	4	4	4	2	4	4	4	2	4	4	4	4	2	2	4	4	3	1	1	3	3	3	4	4	3	4	2	3	4	1	2
Gh0228		U	1	4	4	4	2	4	4	4	2	4	4	1	4	2	4	4	4	3	1	1	3	3	3	4	4	3	4	2	3	4	1	2
Gh0226		T	1	4	4	4	2	4	4	4	2	4	4	1	4	2	2	4	4	3	1	1	3	3	3	4	4	3	4	2	3	4	1	2
Gh0226		U	1	4	4	4	2	4	4	4	1	4	4	1	4	2	2	4	4	1	1	1	3	3	3	4	4	3	4	2	3	4	1	2
Gh0203		T	1	4	4	4	2	4	4	4	2	4	4	4	4	2	2	4	4	3	1	1	3	3	3	4	4	3	4	2	3	4	1	2
Gh0203		U	1	4	4	4	2	4	4	4	2	4	4	1	4	2	4	4	4	3	1	1	3	3	3	4	4	3	4	2	3	4	1	2
Gh0196		T	1	4	4	4	2	4	4	4	2	4	4	1	4	2	4	4	4	3	1	1	3	3	4	4	4	3	4	2	3	4	1	2
Gh0196		U	1	4	4	4	2	4	4	4	1	4	4	1	4	2	2	4	4	3	1	1	3	3	3	4	4	3	4	2	3	4	1	2
Gh0191		T	1	4	4	4	2	4	4	4	2	4	4	1	4	2	4	4	4	3	1	1	3	3	3	4	4	3	4	2	3	4	1	2
Gh0191		U	1	4	4	4	2	4	4	4	1	4	4	4	4	2	2	4	4	3	1	1	3	3	3	4	4	3	4	2	3	4	1	2
Gh0186		T	1	4	4	4	2	4	4	4	2	4	4	1	4	2	2	4	4	3	1	1	3	3	3	4	4	3	4	2	3	4	1	2
Gh0186		U	1	4	4	4	2	4	4	4	2	4	4	1	4	2	4	4	4	3	1	1	3	3	4	4	4	3	4	2	3	4	1	2
Gh0185		T	1	4	4	4	2	4	4	4	2	4	4	4	4	2	2	4	4	3	1	1	3	3	3	4	4	3	4	2	3	4	1	2
Gh0185		U	1	4	4	4	2	4	4	4	2	4	4	1	4	2	2	4	4	3	1	1	3	3	3	4	4	3	4	2	3	4	1	2
Gh0184		T	1	4	4	4	2	4	4	4	2	4	4	4	4	2	2	4	4	3	1	1	3	3	3	4	4	3	4	2	3	4	1	2
Gh0184		U	1	4	4	4	2	4	4	4	2	4	4	1	4	2	4	4	4	3	1	1	3	3	3	4	4	3	4	2	3	4	1	2
Gh0183		T	1	4	4	4	2	4	4	4	2	4	4	4	4	2	2	4	4	3	1	1	3	3	3	4	4	3	4	2	3	4	1	2
Gh0183		U	1	4	4	4	2	4	4	4	2	4	4	1	4	2	2	4	4	3	1	1	3	3	4	4	4	3	4	2	3	4	1	2
Gh0182		T	1	4	4	4	2	4	4	4	2	4	4	4	4	2	2	4	4	3	1	1	3	3	3	4	4	3	4	2	3	4	1	2
Gh0182		U	1	4	4	4	2	4	4	4	2	4	4	1	4	2	2	4	4	3	1	1	3	3	4	4	4	3	4	2	3	4	1	2
Gh0180		T	1	4	4	4	2	4	4	4	2	4	4	4	4	2	2	4	4	3	1	1	3	3	3	4	4	3	4	2	3	4	1	2
Gh0180		U	1	4	4	4	2	4	4	4	1	4	4	4	4	2	2	4	4	3	1	1	3	3	3	4	4	3	4	2	3	4	1	2
Gh0178		T	1	4	4	4	2	4	4	4	2	4	4	4	4	2	2	4	4	3	1	1	3	3	3	4	4	3	4	2	3	4	1	2
Gh0178		U	1	4	4	4	2	4	4	4	2	4	4	1	4	2	4	4	4	3	1	1	3	3	3	4	4	3	4	2	3	4	1	2
Gh0177		T	1	4	4	4	2	4	4	4	2	4	4	4	4	2	2	4	4	3	1	1	3	3	3	4	4	3	4	2	3	4	1	2
Gh0177		U	1	4	4	4	2	4	4	4	2	4	4	4	4	2	2	4	4	3	1	1	3	3	3	4	4	3	4	2	3	4	1	2
Gh0175		T	1	4	4	4	2	4	4	4	2	4	4	1	4	2	2	4	4	3	1	1	3	3	3	4	4	3	4	2	3	4	1	2
Gh0175		U	1	4	4	4	2	4	4	4	2	4	4	1	4	2	4	4	4	3	1	1	3	3	3	4	4	3	4	2	3	4	1	2
Gh0244		T	1	4	4	4	2	4	4	4	2	4	4	1	4	2	2	4	4	3	1	1	3	3	3	4	4	3	4	2	3	4	1	2
Gh0244		U	1	4	4	4	2	4	4	4	2	4	4	1	4	2	2	4	4	3	1	1	3	3	4	4	4	3	4	2	3	4	1	2
Gh0242		T	1	4	4	4	2	4	4	4	2	4	4	1	4	2	4	4	4	3	1	1	3	3	3	4	4	3	4	2	3	4	1	2
Gh0242		U	1	4	4	4	2	4	4	4	1	4	4	4	4	2	2	4	4	3	1	1	3	3	3	4	4	3	4	2	3	4	1	2
Gh0236		T	1	4	4	4	2	4	4	4	2	4	4	4	4	2	2	4	4	3	1	1	3	3	3	4	4	3	4	2	3	4	1	2
Gh0236		U	1	4	4	4	2	4	4	4	2	4	4	1	4	2	4	4	4	3	1	1	3	3	3	4	4	3	4	2	3	4	1	2
Gh0243		T	1	4	4	4	2	4	4	4	2	4	4	1	4	2	2	4	4	3	1	1	3	3	3	4	4	3	4	2	3	4	1	2
Gh0243		U	1	4	4	4	2	4	4	4	2	4	4	1	4	2	4	4	4	3	1	1	3	3	4	4	4	3	4	2	3	4	1	2
Gh0187		T	1	4	4	4	2	4	4	4	2	4	4	4	4	2	2	4	4	3	1	1	3	3	3	4	4	3	4	2	3	4	1	2
Gh0187		U	1	4	4	4	2	4	4	4	2	4	4	1	4	2	4	4	4	3	1	1	3	3	3	4	4	3	4	2	3	4	1	2
Gh0201		T	1	4	4	4	2	4	4	4	2	4	4	4	4	2	2	4	4	3	1	1	3	3	3	4	4	3	4	2	3	4	1	2
Gh0201		U	1	4	4	4	2	4	4	4	2	4	4	1	4	2	2	4	4	3	1	1	3	3	4	4	4	3	4	2	3	4	1	2
Gh0220		T	1	4	4	4	2	4	4	4	2	4	4	1	4	2	2	4	4	3	1	1	3	3	3	4	4	3	4	2	3	4	1	2
Gh0220		U	1	4	4	4	2	4	4	4	2	4	4	1	4	2	2	4	4	3	1	1	3	3	3	4	4	3	4	2	3	4	1	2
Ev11			T	1	4	4	4	2	4	4	4	2	4	4	1	4	2	4	4	4	3	1	1	3	3	4	4	4	3	4	2	3	4	1	2
Ev11			U	1	4	4	4	2	4	4	4	2	4	4	1	4	2	4	4	4	3	1	1	3	3	4	4	4	3	4	2	3	4	1	2
Ev2			T	1	4	4	4	2	4	4	4	2	1	4	4	1	1	2	4	4	3	4	3	4	3	3	4	1	3	4	4	3	4	3	4
Ev2			U	1	4	4	4	2	4	4	4	2	4	4	1	4	2	4	4	4	3	1	1	3	3	3	4	4	3	4	2	3	4	1	2
Gh#02			T	1	4	4	4	2	4	4	4	2	1	4	4	1	1	2	4	4	3	4	3	4	3	3	4	1	3	4	4	3	4	3	4
Gh#02			U	1	4	4	4	4	4	4	4	2	4	4	1	4	2	2	4	4	3	1	1	3	3	3	4	4	3	4	2	3	4	1	2
