75
184
Position 13 14 15 21 37 45 46 47 48 49 50 51 52 53 54 55 56 61 86 89 102 104 105 109 115 123 124 128 133 142 143 144 147 148 149 150 152 153 154 155 156 157 158 161 162 163 164 165 167 177 185 190 226 246 252 255 285 307 308 309 321 322 323 327 328 329 334 341 342 343 344 355 386 442 447 470 475 485 486 487 488 514 581 620 638 683 689 690 691 695 696 697 700 704 710 716 723 745 751 752 763 823 831 853 862 871 931 961 967 1006 1009 1040 1048 1054 1069 1094 1099 1112 1129 1195 1219 1222 1225 1278 1279 1280 1284 1287 1291 1292 1295 1296 1297 1298 1300 1317 1318 1321 1328 1349 1353 1367 1370 1382 1394 1416 1421 1454 1460 1478 1542 1550 1554 1556 1557 1558 1559 1560 1561 1562 1563 1565 1567 1570 1574 1577 1586 1587 1588 1604 1612 1620 1651 1696 1702 1714 1717 1762 1777 1819 1834 1852 1927 1951
Marker S M M S S S S S S S S S S S S S S S S S S S M S S S S S S S S S S S M S S S S S S S S S S M S S S S S S S S S S S S S S M S S S S S S S S S S S S M S S S M S S S S S S S S S S S S S S S S S S S S S S S S S M S S S S S S S S S S S S S S S S S S S S S S S S S M S S S M S S S S S S S S S S S S S S S S S S M S S S S S S S S S S S S S S S S S M S S S S S S S S S S M S S 
Pseudo_A4a 4 4 3 2 4 0 0 0 0 0 0 0 0 0 0 0 0 2 1 1 2 2 3 3 4 4 4 2 1 1 2 1 1 1 2 1 1 1 1 2 1 1 1 1 4 3 4 3 1 2 2 2 2 1 2 1 1 2 0 0 2 2 3 0 0 0 2 3 2 2 3 2 3 2 3 0 2 2 4 2 4 2 2 4 1 1 4 1 2 0 0 0 2 2 2 3 2 2 3 2 2 2 4 3 3 3 2 3 2 2 3 3 3 3 2 1 2 3 2 4 2 2 1 2 4 4 3 4 4 2 4 1 3 4 1 4 3 2 2 2 3 4 2 4 2 3 4 2 2 3 2 2 2 1 3 2 4 3 2 4 3 4 4 2 1 1 2 1 1 4 3 4 3 2 4 3 4 2 3 4 3 3 3 3 
Pseudo_A4b 4 4 3 2 4 0 0 0 0 0 0 0 0 0 0 0 0 2 1 1 2 2 3 3 4 4 4 2 1 1 2 1 1 1 2 1 1 1 1 2 1 1 1 1 4 3 4 3 1 2 2 2 2 1 2 1 1 2 0 0 2 2 3 0 0 0 2 3 2 2 3 2 3 2 3 0 2 2 4 2 4 2 2 4 1 1 4 1 2 0 0 0 2 2 2 3 2 2 3 2 2 2 4 3 3 3 2 3 2 2 3 3 3 3 2 1 2 3 2 4 2 2 1 2 4 4 3 4 4 2 4 1 3 4 1 4 3 2 2 2 3 4 2 4 2 3 4 2 2 3 2 2 2 1 3 2 4 3 2 4 3 4 4 2 1 1 2 1 1 4 3 4 3 2 4 3 4 2 3 4 3 3 3 3 
Pseudo_B1a 4 4 3 2 4 0 0 0 0 0 0 0 0 0 0 0 0 2 1 1 2 2 3 3 4 4 4 2 1 1 2 1 1 1 2 1 1 1 1 2 1 1 1 1 4 3 4 3 1 2 2 2 2 1 2 1 1 2 0 0 2 2 3 0 0 0 2 3 2 2 3 2 3 2 3 0 2 2 4 2 4 2 2 4 1 1 4 1 2 0 0 0 2 2 2 3 2 2 3 2 2 2 4 3 3 3 2 3 2 2 3 3 3 3 2 1 2 3 2 4 2 2 1 2 4 4 3 4 4 2 4 1 3 4 1 4 3 2 2 2 3 4 2 4 2 3 4 2 2 3 2 2 2 1 3 2 4 3 2 4 3 4 4 2 1 1 2 1 1 4 3 4 3 2 4 3 4 2 3 4 3 3 3 3 
Pseudo_B1b 4 4 3 2 4 0 0 0 0 0 0 0 0 0 0 0 0 2 1 1 2 2 3 3 4 4 4 2 1 1 2 1 1 1 2 1 1 1 1 2 1 1 1 1 4 3 4 3 1 2 2 2 2 1 2 1 1 2 0 0 2 2 3 0 0 0 2 3 2 2 3 2 3 2 3 0 2 2 4 2 4 2 2 4 1 1 4 1 2 0 0 0 2 2 2 3 2 2 3 2 2 2 4 3 3 3 2 3 2 2 3 3 3 3 2 1 2 3 2 4 2 2 1 2 4 4 3 4 4 2 4 1 3 4 1 4 3 2 2 2 3 4 2 4 2 3 4 2 2 3 2 2 2 1 3 2 4 3 2 4 3 4 4 2 1 1 2 1 1 4 3 4 3 2 4 3 4 2 3 4 3 3 3 3 
Pseudo_B4a 4 4 3 2 4 0 0 0 0 0 0 0 0 0 0 0 0 2 1 1 2 2 3 3 4 4 4 2 1 1 2 1 1 1 2 1 1 1 1 2 1 1 1 1 4 3 4 3 1 2 2 2 2 1 2 1 1 2 0 0 2 2 3 0 0 0 2 3 2 2 3 2 3 2 3 0 2 2 4 2 4 2 2 4 1 1 4 1 2 0 0 0 2 2 2 3 2 2 3 2 2 2 4 3 3 3 2 3 2 2 3 3 3 3 2 1 2 3 2 4 2 2 1 2 4 4 3 4 4 2 4 1 3 4 1 4 3 2 2 2 3 4 2 4 2 3 4 2 2 3 2 2 2 1 3 2 4 3 2 4 3 4 4 2 1 1 2 1 1 4 3 4 3 2 4 3 4 2 3 4 3 3 3 3 
Pseudo_B4b 4 4 3 2 4 0 0 0 0 0 0 0 0 0 0 0 0 2 1 1 2 2 3 3 4 4 4 2 1 1 2 1 1 1 2 1 1 1 1 2 1 1 1 1 4 3 4 3 1 2 2 2 2 1 2 1 1 2 0 0 2 2 3 0 0 0 2 3 2 2 3 2 3 2 3 0 2 2 4 2 4 2 2 4 1 1 4 1 2 0 0 0 2 2 2 3 2 2 3 2 2 2 4 3 3 3 2 3 2 2 3 3 3 3 2 1 2 3 2 4 2 2 1 2 4 4 3 4 4 2 4 1 3 4 1 4 3 2 2 2 3 4 2 4 2 3 4 2 2 3 2 2 2 1 3 2 4 3 2 4 3 4 4 2 1 1 2 1 1 4 3 4 3 2 4 3 4 2 3 4 3 3 3 3 
Pseudo_C2a 4 4 3 2 4 0 0 0 0 0 0 0 0 0 0 0 0 2 1 1 2 2 3 3 4 4 4 2 1 1 2 1 1 1 2 1 1 1 1 2 1 1 1 1 4 3 4 3 1 2 2 2 2 1 2 1 1 2 0 0 2 2 3 0 0 0 2 3 2 2 3 2 3 2 3 0 2 2 4 2 4 2 2 4 1 1 4 1 2 0 0 0 2 2 2 3 2 2 3 2 2 2 4 3 3 3 2 3 2 2 3 3 3 3 2 1 2 3 2 4 2 2 1 2 4 4 3 4 4 2 4 1 3 4 1 4 3 2 2 2 3 4 2 4 2 3 4 2 2 3 2 2 2 1 3 2 4 3 2 4 3 4 4 2 1 1 2 1 1 4 3 4 3 2 4 3 4 2 3 4 3 3 3 3 
Pseudo_C2b 4 4 3 2 4 0 0 0 0 0 0 0 0 0 0 0 0 2 1 1 2 2 3 3 4 4 4 2 1 1 2 1 1 1 2 1 1 1 1 2 1 1 1 1 4 3 4 3 1 2 2 2 2 1 2 1 1 2 0 0 2 2 3 0 0 0 2 3 2 2 3 2 3 2 3 0 2 2 4 2 4 2 2 4 1 1 4 1 2 0 0 0 2 2 2 3 2 2 3 2 2 2 4 3 3 3 2 3 2 2 3 3 3 3 2 1 2 3 2 4 2 2 1 2 4 4 3 4 4 2 4 1 3 4 1 4 3 2 2 2 3 4 2 4 2 3 4 2 2 3 2 2 2 1 3 2 4 3 2 4 3 4 4 2 1 1 2 1 1 4 3 4 3 2 4 3 4 2 3 4 3 3 3 3 
Pseudo_C4a 4 4 3 2 4 0 0 0 0 0 0 0 0 0 0 0 0 2 1 1 2 2 3 3 4 4 4 2 1 1 2 1 1 1 2 1 1 1 1 2 1 1 1 1 4 3 4 3 1 2 2 2 2 1 2 1 1 2 0 0 2 2 3 0 0 0 2 3 2 2 3 2 3 2 3 0 2 2 4 2 4 2 2 4 1 1 4 1 2 0 0 0 2 2 2 3 2 2 3 2 2 2 4 3 3 3 2 3 2 2 3 3 3 3 2 1 2 3 2 4 2 2 1 2 4 4 3 4 4 2 4 1 3 4 1 4 3 2 2 2 3 4 2 4 2 3 4 2 2 3 2 2 2 1 3 2 4 3 2 4 3 4 4 2 1 1 2 1 1 4 3 4 3 2 4 3 4 2 3 4 3 3 3 3 
Pseudo_C4b 4 4 3 2 4 0 0 0 0 0 0 0 0 0 0 0 0 2 1 1 2 2 3 3 4 4 4 2 1 1 2 1 1 1 2 1 1 1 1 2 1 1 1 1 4 3 4 3 1 2 2 2 2 1 2 1 1 2 0 0 2 2 3 0 0 0 2 3 2 2 3 2 3 2 3 0 2 2 4 2 4 2 2 4 1 1 4 1 2 0 0 0 2 2 2 3 2 2 3 2 2 2 4 3 3 3 2 3 2 2 3 3 3 3 2 1 2 3 2 4 2 2 1 2 4 4 3 4 4 2 4 1 3 4 1 4 3 2 2 2 3 4 2 4 2 3 4 2 2 3 2 2 2 1 3 2 4 3 2 4 3 4 4 2 1 1 2 1 1 4 3 4 3 2 4 3 4 2 3 4 3 3 3 3 
Pseudo_D2a 4 4 3 2 4 0 0 0 0 0 0 0 0 0 0 0 0 2 1 1 2 2 3 3 4 4 4 2 1 1 2 1 1 1 2 1 1 1 1 2 1 1 1 1 4 3 4 3 1 2 2 2 2 1 2 1 1 2 0 0 2 2 3 0 0 0 2 3 2 2 3 2 3 2 3 0 2 2 4 2 4 2 2 4 1 1 4 1 2 0 0 0 2 2 2 3 2 2 3 2 2 2 4 3 3 3 2 3 2 2 3 3 3 3 2 1 2 3 2 4 2 2 1 2 4 4 3 4 4 2 4 1 3 4 1 4 3 2 2 2 3 4 2 4 2 3 4 2 2 3 2 2 2 1 3 2 4 3 2 4 3 4 4 2 1 1 2 1 1 4 3 4 3 2 4 3 4 2 3 4 3 3 3 3 
Pseudo_D2b 4 4 3 2 4 0 0 0 0 0 0 0 0 0 0 0 0 2 1 1 2 2 3 3 4 4 4 2 1 1 2 1 1 1 2 1 1 1 1 2 1 1 1 1 4 3 4 3 1 2 2 2 2 1 2 1 1 2 0 0 2 2 3 0 0 0 2 3 2 2 3 2 3 2 3 0 2 2 4 2 4 2 2 4 1 1 4 1 2 0 0 0 2 2 2 3 2 2 3 2 2 2 4 3 3 3 2 3 2 2 3 3 3 3 2 1 2 3 2 4 2 2 1 2 4 4 3 4 4 2 4 1 3 4 1 4 3 2 2 2 3 4 2 4 2 3 4 2 2 3 2 2 2 1 3 2 4 3 2 4 3 4 4 2 1 1 2 1 1 4 3 4 3 2 4 3 4 2 3 4 3 3 3 3 
Pseudo_D4a 4 4 3 2 4 0 0 0 0 0 0 0 0 0 0 0 0 2 1 1 2 2 3 3 4 4 4 2 1 1 2 1 1 1 2 1 1 1 1 2 1 1 1 1 4 3 4 3 1 2 2 2 2 1 2 1 1 2 0 0 2 2 3 0 0 0 2 3 2 2 3 2 3 2 3 0 2 2 4 2 4 2 2 4 1 1 4 1 2 0 0 0 2 2 2 3 2 2 3 2 2 2 4 3 3 3 2 3 2 2 3 3 3 3 2 1 2 3 2 4 2 2 1 2 4 4 3 4 4 2 4 1 3 4 1 4 3 2 2 2 3 4 2 4 2 3 4 2 2 3 2 2 2 1 3 2 4 3 2 4 3 4 4 2 1 1 2 1 1 4 3 4 3 2 4 3 4 2 3 4 3 3 3 3 
Pseudo_D4b 4 4 3 2 4 0 0 0 0 0 0 0 0 0 0 0 0 2 1 1 2 2 3 3 4 4 4 2 1 1 2 1 1 1 2 1 1 1 1 2 1 1 1 1 4 3 4 3 1 2 2 2 2 1 2 1 1 2 0 0 2 2 3 0 0 0 2 3 2 2 3 2 3 2 3 0 2 2 4 2 4 2 2 4 1 1 4 1 2 0 0 0 2 2 2 3 2 2 3 2 2 2 4 3 3 3 2 3 2 2 3 3 3 3 2 1 2 3 2 4 2 2 1 2 4 4 3 4 4 2 4 1 3 4 1 4 3 2 2 2 3 4 2 4 2 3 4 2 2 3 2 2 2 1 3 2 4 3 2 4 3 4 4 2 1 1 2 1 1 4 3 4 3 2 4 3 4 2 3 4 3 3 3 3 
Pseudo_E2a 4 4 3 2 4 0 0 0 0 0 0 0 0 0 0 0 0 2 1 1 2 2 3 3 4 4 4 2 1 1 2 1 1 1 2 1 1 1 1 2 1 1 1 1 4 3 4 3 1 2 2 2 2 1 2 1 1 2 0 0 2 2 3 0 0 0 2 3 2 2 3 2 3 2 3 0 2 2 4 2 4 2 2 4 1 1 4 1 2 0 0 0 2 2 2 3 2 2 3 2 2 2 4 3 3 3 2 3 2 2 3 3 3 3 2 1 2 3 2 4 2 2 1 2 4 4 3 4 4 2 4 1 3 4 1 4 3 2 2 2 3 4 2 4 2 3 4 2 2 3 2 2 2 1 3 2 4 3 2 4 3 4 4 2 1 1 2 1 1 4 3 4 3 2 4 3 4 2 3 4 3 3 3 3 
Pseudo_E2b 4 4 3 2 4 0 0 0 0 0 0 0 0 0 0 0 0 2 1 1 2 2 3 3 4 4 4 2 1 1 2 1 1 1 2 1 1 1 1 2 1 1 1 1 4 3 4 3 1 2 2 2 2 1 2 1 1 2 0 0 2 2 3 0 0 0 2 3 2 2 3 2 3 2 3 0 2 2 4 2 4 2 2 4 1 1 4 1 2 0 0 0 2 2 2 3 2 2 3 2 2 2 4 3 3 3 2 3 2 2 3 3 3 3 2 1 2 3 2 4 2 2 1 2 4 4 3 4 4 2 4 1 3 4 1 4 3 2 2 2 3 4 2 4 2 3 4 2 2 3 2 2 2 1 3 2 4 3 2 4 3 4 4 2 1 1 2 1 1 4 3 4 3 2 4 3 4 2 3 4 3 3 3 3 
Pseudo_E3a 4 4 3 2 4 0 0 0 0 0 0 0 0 0 0 0 0 2 1 1 2 2 3 3 4 4 4 2 1 1 2 1 1 1 2 1 1 1 1 2 1 1 1 1 4 3 4 3 1 2 2 2 2 1 2 1 1 2 0 0 2 2 3 0 0 0 2 3 2 2 3 2 3 2 3 0 2 2 4 2 4 2 2 4 1 1 4 1 2 0 0 0 2 2 2 3 2 2 3 2 2 2 4 3 3 3 2 3 2 2 3 3 3 3 2 1 2 3 2 4 2 2 1 2 4 4 3 4 4 2 4 1 3 4 1 4 3 2 2 2 3 4 2 4 2 3 4 2 2 3 2 2 2 1 3 2 4 3 2 4 3 4 4 2 1 1 2 1 1 4 3 4 3 2 4 3 4 2 3 4 3 3 3 3 
Pseudo_E3b 4 4 3 2 4 0 0 0 0 0 0 0 0 0 0 0 0 2 1 1 2 2 3 3 4 4 4 2 1 1 2 1 1 1 2 1 1 1 1 2 1 1 1 1 4 3 4 3 1 2 2 2 2 1 2 1 1 2 0 0 2 2 3 0 0 0 2 3 2 2 3 2 3 2 3 0 2 2 4 2 4 2 2 4 1 1 4 1 2 0 0 0 2 2 2 3 2 2 3 2 2 2 4 3 3 3 2 3 2 2 3 3 3 3 2 1 2 3 2 4 2 2 1 2 4 4 3 4 4 2 4 1 3 4 1 4 3 2 2 2 3 4 2 4 2 3 4 2 2 3 2 2 2 1 3 2 4 3 2 4 3 4 4 2 1 1 2 1 1 4 3 4 3 2 4 3 4 2 3 4 3 3 3 3 
Pseudo_G1a 4 4 3 2 4 0 0 0 0 0 0 0 0 0 0 0 0 2 1 1 2 2 3 3 4 4 4 2 1 1 2 1 1 1 2 1 1 1 1 2 1 1 1 1 4 3 4 3 1 2 2 2 2 1 2 1 1 2 0 0 2 2 3 0 0 0 2 3 2 2 3 2 3 2 3 0 2 2 4 2 4 2 2 4 1 1 4 1 2 0 0 0 2 2 2 3 2 2 3 2 2 2 4 3 3 3 2 3 2 2 3 3 3 3 2 1 2 3 2 4 2 2 1 2 4 4 3 4 4 2 4 1 3 4 1 4 3 2 2 2 3 4 2 4 2 3 4 2 2 3 2 2 2 1 3 2 4 3 2 4 3 4 4 2 1 1 2 1 1 4 3 4 3 2 4 3 4 2 3 4 3 3 3 3 
Pseudo_G1b 4 4 3 2 4 0 0 0 0 0 0 0 0 0 0 0 0 2 1 1 2 2 3 3 4 4 4 2 1 1 2 1 1 1 2 1 1 1 1 2 1 1 1 1 4 3 4 3 1 2 2 2 2 1 2 1 1 2 0 0 2 2 3 0 0 0 2 3 2 2 3 2 3 2 3 0 2 2 4 2 4 2 2 4 1 1 4 1 2 0 0 0 2 2 2 3 2 2 3 2 2 2 4 3 3 3 2 3 2 2 3 3 3 3 2 1 2 3 2 4 2 2 1 2 4 4 3 4 4 2 4 1 3 4 1 4 3 2 2 2 3 4 2 4 2 3 4 2 2 3 2 2 2 1 3 2 4 3 2 4 3 4 4 2 1 1 2 1 1 4 3 4 3 2 4 3 4 2 3 4 3 3 3 3 
Pseudo_G2a 4 4 3 2 4 0 0 0 0 0 0 0 0 0 0 0 0 2 1 1 2 2 3 3 4 4 4 2 1 1 2 1 1 1 2 1 1 1 1 2 1 1 1 1 4 3 4 3 1 2 2 2 2 1 2 1 1 2 0 0 2 2 3 0 0 0 2 3 2 2 3 2 3 2 3 0 2 2 4 2 4 2 2 4 1 1 4 1 2 0 0 0 2 2 2 3 2 2 3 2 2 2 4 3 3 3 2 3 2 2 3 3 3 3 2 1 2 3 2 4 2 2 1 2 4 4 3 4 4 2 4 1 3 4 1 4 3 2 2 2 3 4 2 4 2 3 4 2 2 3 2 2 2 1 3 2 4 3 2 4 3 4 4 2 1 1 2 1 1 4 3 4 3 2 4 3 4 2 3 4 3 3 3 3 
Pseudo_G2b 4 4 3 2 4 0 0 0 0 0 0 0 0 0 0 0 0 2 1 1 2 2 3 3 4 4 4 2 1 1 2 1 1 1 2 1 1 1 1 2 1 1 1 1 4 3 4 3 1 2 2 2 2 1 2 1 1 2 0 0 2 2 3 0 0 0 2 3 2 2 3 2 3 2 3 0 2 2 4 2 4 2 2 4 1 1 4 1 2 0 0 0 2 2 2 3 2 2 3 2 2 2 4 3 3 3 2 3 2 2 3 3 3 3 2 1 2 3 2 4 2 2 1 2 4 4 3 4 4 2 4 1 3 4 1 4 3 2 2 2 3 4 2 4 2 3 4 2 2 3 2 2 2 1 3 2 4 3 2 4 3 4 4 2 1 1 2 1 1 4 3 4 3 2 4 3 4 2 3 4 3 3 3 3 
Pseudo_G3a 4 4 3 2 4 0 0 0 0 0 0 0 0 0 0 0 0 2 1 1 2 2 3 3 4 4 4 2 1 1 2 1 1 1 2 1 1 1 1 2 1 1 1 1 4 3 4 3 1 2 2 2 2 1 2 1 1 2 0 0 2 2 3 0 0 0 2 3 2 2 3 2 3 2 3 0 2 2 4 2 4 2 2 4 1 1 4 1 2 0 0 0 2 2 2 3 2 2 3 2 2 2 4 3 3 3 2 3 2 2 3 3 3 3 2 1 2 3 2 4 2 2 1 2 4 4 3 4 4 2 4 1 3 4 1 4 3 2 2 2 3 4 2 4 2 3 4 2 2 3 2 2 2 1 3 2 4 3 2 4 3 4 4 2 1 1 2 1 1 4 3 4 3 2 4 3 4 2 3 4 3 3 3 3 
Pseudo_G3b 4 4 3 2 4 0 0 0 0 0 0 0 0 0 0 0 0 2 1 1 2 2 3 3 4 4 4 2 1 1 2 1 1 1 2 1 1 1 1 2 1 1 1 1 4 3 4 3 1 2 2 2 2 1 2 1 1 2 0 0 2 2 3 0 0 0 2 3 2 2 3 2 3 2 3 0 2 2 4 2 4 2 2 4 1 1 4 1 2 0 0 0 2 2 2 3 2 2 3 2 2 2 4 3 3 3 2 3 2 2 3 3 3 3 2 1 2 3 2 4 2 2 1 2 4 4 3 4 4 2 4 1 3 4 1 4 3 2 2 2 3 4 2 4 2 3 4 2 2 3 2 2 2 1 3 2 4 3 2 4 3 4 4 2 1 1 2 1 1 4 3 4 3 2 4 3 4 2 3 4 3 3 3 3 
Pseudo_G4a 4 4 3 2 4 0 0 0 0 0 0 0 0 0 0 0 0 2 1 1 2 2 3 3 4 4 4 2 1 1 2 1 1 1 2 1 1 1 1 2 1 1 1 1 4 3 4 3 1 2 2 2 2 1 2 1 1 2 0 0 2 2 3 0 0 0 2 3 2 2 3 2 3 2 3 0 2 2 4 2 4 2 2 4 1 1 4 1 2 0 0 0 2 2 2 3 2 2 3 2 2 2 4 3 3 3 2 3 2 2 3 3 3 3 2 1 2 3 2 4 2 2 1 2 4 4 3 4 4 2 4 1 3 4 1 4 3 2 2 2 3 4 2 4 2 3 4 2 2 3 2 2 2 1 3 2 4 3 2 4 3 4 4 2 1 1 2 1 1 4 3 4 3 2 4 3 4 2 3 4 3 3 3 3 
Pseudo_G4b 4 4 3 2 4 0 0 0 0 0 0 0 0 0 0 0 0 2 1 1 2 2 3 3 4 4 4 2 1 1 2 1 1 1 2 1 1 1 1 2 1 1 1 1 4 3 4 3 1 2 2 2 2 1 2 1 1 2 0 0 2 2 3 0 0 0 2 3 2 2 3 2 3 2 3 0 2 2 4 2 4 2 2 4 1 1 4 1 2 0 0 0 2 2 2 3 2 2 3 2 2 2 4 3 3 3 2 3 2 2 3 3 3 3 2 1 2 3 2 4 2 2 1 2 4 4 3 4 4 2 4 1 3 4 1 4 3 2 2 2 3 4 2 4 2 3 4 2 2 3 2 2 2 1 3 2 4 3 2 4 3 4 4 2 1 1 2 1 1 4 3 4 3 2 4 3 4 2 3 4 3 3 3 3 
Pseudo_H1a 4 4 3 2 4 0 0 0 0 0 0 0 0 0 0 0 0 2 1 1 2 2 3 3 4 4 4 2 1 1 2 1 1 1 2 1 1 1 1 2 1 1 1 1 4 3 4 3 1 2 2 2 2 1 2 1 1 2 0 0 2 2 3 0 0 0 2 3 2 2 3 2 3 2 3 0 2 2 4 2 4 2 2 4 1 1 4 1 2 0 0 0 2 2 2 3 2 2 3 2 2 2 4 3 3 3 2 3 2 2 3 3 3 3 2 1 2 3 2 4 2 2 1 2 4 4 3 4 4 2 4 1 3 4 1 4 3 2 2 2 3 4 2 4 2 3 4 2 2 3 2 2 2 1 3 2 4 3 2 4 3 4 4 2 1 1 2 1 1 4 3 4 3 2 4 3 4 2 3 4 3 3 3 3 
Pseudo_H1b 4 4 3 2 4 0 0 0 0 0 0 0 0 0 0 0 0 2 1 1 2 2 3 3 4 4 4 2 1 1 2 1 1 1 2 1 1 1 1 2 1 1 1 1 4 3 4 3 1 2 2 2 2 1 2 1 1 2 0 0 2 2 3 0 0 0 2 3 2 2 3 2 3 2 3 0 2 2 4 2 4 2 2 4 1 1 4 1 2 0 0 0 2 2 2 3 2 2 3 2 2 2 4 3 3 3 2 3 2 2 3 3 3 3 2 1 2 3 2 4 2 2 1 2 4 4 3 4 4 2 4 1 3 4 1 4 3 2 2 2 3 4 2 4 2 3 4 2 2 3 2 2 2 1 3 2 4 3 2 4 3 4 4 2 1 1 2 1 1 4 3 4 3 2 4 3 4 2 3 4 3 3 3 3 
Spec_A1a 4 4 2 1 4 0 0 0 0 0 0 0 0 0 0 0 0 2 4 1 4 2 1 3 4 4 4 2 1 1 2 1 1 1 2 1 1 1 1 2 1 1 1 1 4 1 4 3 1 2 2 4 2 1 2 2 1 2 0 0 2 2 3 0 0 0 2 3 0 0 0 2 3 0 3 0 2 2 4 0 0 2 2 2 1 1 4 1 2 0 0 0 2 2 2 3 2 2 3 2 2 2 4 3 3 3 2 3 2 2 3 4 1 3 2 3 2 3 2 4 2 3 1 2 4 4 1 4 1 1 1 3 3 3 1 4 3 2 2 2 3 4 4 4 4 3 2 2 2 3 2 2 2 1 3 2 4 3 2 4 3 4 4 2 1 3 1 3 1 4 3 4 3 2 2 3 4 2 3 4 3 3 3 3 
Spec_A1b 4 4 2 1 4 0 0 0 0 0 0 0 0 0 0 0 0 2 1 1 2 4 1 3 2 4 4 2 1 1 2 1 1 1 2 1 1 1 1 2 1 1 1 1 4 1 4 2 1 2 2 4 2 1 2 1 1 2 0 0 2 2 3 0 0 0 2 3 0 0 0 2 3 2 3 0 2 2 4 0 0 2 2 2 1 1 4 1 2 4 1 2 2 2 2 3 2 2 3 2 2 2 4 4 2 1 1 3 2 2 2 3 3 3 2 3 2 3 2 4 4 3 1 2 1 4 1 4 1 3 1 3 3 2 4 4 3 2 2 2 3 4 2 2 4 3 2 2 2 1 2 2 4 0 0 0 0 0 0 0 0 4 0 2 0 3 1 3 1 1 1 4 1 2 4 3 4 2 3 4 3 3 3 3 
Spec_A3a 2 0 2 2 4 3 2 3 1 2 3 4 3 4 1 2 4 1 1 3 4 2 1 3 4 1 3 1 0 4 0 0 4 4 3 3 0 0 0 0 0 0 0 2 0 0 0 3 2 2 1 4 2 1 3 1 1 2 0 0 2 2 3 2 2 3 2 3 2 2 3 2 3 2 3 0 2 0 0 0 0 2 2 2 1 1 4 1 2 4 1 2 2 2 2 3 2 2 3 2 2 2 4 3 3 1 2 3 2 2 3 3 3 3 2 3 2 3 2 4 2 3 1 2 4 4 1 4 1 3 1 3 3 2 4 4 3 1 4 2 3 4 2 4 4 3 2 2 2 3 2 2 2 1 3 2 4 3 2 4 3 4 4 2 1 3 2 3 4 1 1 4 1 2 2 3 2 2 3 4 3 3 3 1 
Spec_A3b 4 4 2 2 1 0 0 0 0 0 0 0 0 0 0 0 0 2 1 1 2 4 1 3 2 4 4 2 1 1 2 1 1 1 2 1 1 1 1 2 1 1 1 1 4 1 4 3 1 2 2 4 2 1 2 1 1 2 0 0 2 2 3 0 0 0 2 3 0 0 0 2 3 2 3 0 2 2 4 0 0 2 2 2 1 1 4 1 2 4 1 2 2 2 2 3 2 2 3 2 2 2 1 3 2 3 2 3 2 3 3 3 1 3 2 3 2 3 2 4 2 3 1 2 4 4 1 4 1 1 1 3 3 3 1 4 3 2 2 2 3 4 2 2 4 3 2 2 2 3 2 2 2 1 3 2 4 3 2 4 3 4 4 2 1 1 2 3 4 1 4 4 1 2 4 3 4 2 3 4 3 3 3 3 
Spec_B2a 4 4 2 2 4 0 0 0 0 0 0 0 0 0 0 0 0 2 1 1 2 4 1 3 2 4 4 2 1 1 2 1 1 1 2 1 1 1 1 2 1 1 1 1 4 1 4 3 1 2 2 4 4 1 2 1 1 2 0 0 2 2 3 0 0 0 2 1 2 2 3 2 3 2 3 0 2 2 4 2 4 2 2 2 1 1 4 1 2 0 0 0 2 2 2 3 2 2 3 2 2 2 4 3 3 3 2 3 2 2 3 3 1 3 2 3 2 3 2 4 2 3 1 2 4 4 1 4 1 1 1 3 3 3 1 4 3 2 2 2 3 4 2 2 4 3 2 2 2 3 2 2 2 1 3 2 4 3 2 4 3 4 4 2 1 1 2 1 1 4 3 4 3 2 2 3 2 2 3 4 3 3 3 3 
Spec_B2b 4 4 2 2 4 0 0 0 0 0 0 0 0 0 0 0 0 2 1 1 2 2 2 3 4 4 4 2 1 1 2 1 1 1 2 1 1 1 1 2 1 1 1 1 4 3 4 3 1 2 2 2 4 1 2 1 1 2 0 0 2 2 3 0 0 0 2 1 2 2 3 2 3 2 3 0 2 1 4 2 4 2 2 4 2 1 4 1 2 0 0 0 4 2 2 3 2 2 1 4 2 2 4 3 3 3 2 3 2 2 2 3 1 1 2 3 2 3 2 4 2 3 1 2 4 4 1 4 1 3 1 3 3 2 4 2 3 2 2 2 3 4 2 2 4 3 4 2 4 3 2 3 2 1 3 2 4 3 2 4 3 4 4 2 1 3 2 3 1 4 3 4 3 2 4 3 4 2 3 3 4 3 3 3 
Spec_B3a 4 0 2 2 4 0 0 0 0 0 0 0 0 0 0 0 0 2 1 1 2 4 1 3 2 4 4 2 1 1 2 1 1 1 2 1 1 1 1 2 1 1 1 1 4 1 4 3 1 2 2 4 2 1 2 1 1 3 0 0 2 2 3 2 2 3 2 3 2 2 3 2 3 2 3 0 2 2 4 0 0 2 2 2 1 1 4 1 2 0 0 0 2 2 2 3 2 2 3 2 2 2 4 4 2 1 2 3 2 2 3 3 1 3 2 3 2 3 2 2 2 3 1 2 4 4 1 3 1 1 1 3 3 3 1 4 3 2 2 2 3 4 2 4 2 3 2 2 2 3 2 2 3 1 3 2 4 3 2 4 3 4 4 2 1 1 2 1 1 1 1 4 1 2 4 3 2 2 3 4 3 3 3 3 
Spec_B3b 4 4 2 2 4 0 0 0 0 0 0 0 0 0 0 0 0 2 4 1 2 4 1 3 2 4 4 2 1 1 2 1 1 1 2 1 1 1 1 2 1 1 1 1 4 1 4 3 1 2 2 4 2 1 2 1 1 2 0 0 2 2 3 0 0 0 2 3 2 2 3 2 3 2 3 0 2 2 4 0 0 2 2 2 1 1 4 1 2 4 1 2 2 2 2 3 2 2 3 2 2 2 4 3 3 3 2 3 2 2 2 3 3 3 2 3 2 3 2 4 2 3 1 2 4 4 1 3 1 1 1 3 3 3 1 4 3 2 2 1 3 2 2 4 4 3 4 2 2 3 2 2 2 1 3 2 4 3 2 4 3 4 4 2 1 1 2 3 4 1 4 4 1 2 4 3 4 2 3 4 3 4 3 3 
Spec_C1a 4 4 2 2 4 0 0 0 0 0 0 0 0 0 0 0 0 2 1 1 2 4 1 3 2 4 4 2 1 1 2 1 1 1 2 1 1 1 1 2 1 1 1 1 4 1 4 3 1 2 2 4 2 1 2 1 1 2 0 0 2 2 3 0 0 0 2 3 0 0 0 2 3 2 3 0 2 2 4 0 0 2 2 4 1 1 4 1 2 0 0 0 2 1 2 3 2 2 3 2 2 2 4 3 3 3 2 3 4 2 2 3 1 3 2 3 2 3 2 4 2 3 1 2 4 4 1 4 1 1 1 3 1 3 1 4 1 2 2 2 3 4 2 2 4 3 2 3 2 3 2 2 2 1 3 2 4 3 2 4 3 4 4 4 1 3 1 3 1 4 3 4 1 2 4 3 4 2 3 4 3 3 3 3 
Spec_C1b 4 4 3 2 4 0 0 0 0 0 0 0 0 0 0 0 0 2 1 1 2 4 1 2 2 4 4 2 1 1 2 1 1 1 2 1 1 1 1 2 1 1 1 1 4 1 4 3 1 2 2 4 2 1 2 1 4 2 0 0 2 2 3 0 0 0 2 3 2 2 3 2 3 2 3 0 2 2 4 0 0 2 2 2 1 1 4 1 2 0 0 0 2 2 2 3 2 2 3 2 2 2 4 3 3 3 2 2 2 2 3 3 1 3 2 3 2 3 2 4 2 3 1 2 4 4 1 4 1 1 1 3 3 3 1 4 3 2 2 2 3 4 2 4 2 3 4 2 2 3 2 2 2 1 3 2 4 3 2 4 3 4 4 2 1 1 2 3 4 1 4 4 1 2 4 3 4 2 3 4 3 3 1 3 
Spec_C3a 2 0 2 2 4 0 0 0 0 0 0 0 0 0 0 0 0 2 1 1 2 4 1 3 2 4 4 2 1 1 2 1 1 1 2 1 1 1 1 2 1 1 1 1 4 1 4 3 1 2 2 4 2 1 2 1 1 3 0 0 2 2 3 2 2 3 2 3 2 2 3 2 3 2 3 4 2 2 4 0 0 2 2 2 1 1 4 1 2 4 1 2 2 2 2 3 2 2 3 2 2 2 4 3 3 3 2 3 2 2 3 3 1 3 2 3 2 1 2 4 2 3 1 2 4 4 1 4 1 1 1 3 3 3 1 4 3 2 2 2 1 4 2 2 4 1 4 2 2 3 2 2 2 1 3 2 4 3 2 4 3 4 4 2 1 1 2 1 1 4 3 4 3 2 4 3 2 2 3 4 3 3 3 1 
Spec_C3b 4 4 2 2 4 0 0 0 0 0 0 0 0 0 0 0 0 2 1 1 2 4 1 3 2 4 4 2 1 1 2 1 1 1 4 1 1 1 1 2 1 1 1 1 4 1 4 3 1 2 2 4 2 1 2 1 1 2 0 0 0 0 0 2 2 3 2 3 2 2 3 2 3 2 3 0 2 2 4 0 0 2 2 4 1 1 0 0 0 4 1 2 2 2 2 3 2 2 3 2 2 2 4 3 3 3 2 3 2 2 2 3 3 3 2 3 2 3 2 4 2 3 1 2 4 4 1 4 1 1 1 3 3 3 1 4 3 2 2 2 3 4 2 2 4 3 2 2 2 3 2 2 2 1 3 2 4 3 2 4 3 3 4 2 1 3 2 3 1 4 3 4 3 2 2 3 4 2 2 4 3 3 3 3 
Spec_D1a 4 4 2 2 4 0 0 0 0 0 0 0 0 0 0 0 0 2 1 1 2 4 1 3 2 4 4 2 1 1 2 1 1 1 2 1 1 1 1 2 1 1 1 1 4 1 4 3 1 2 2 4 2 1 2 1 1 3 0 0 2 2 3 2 2 3 2 3 2 2 3 2 3 4 3 0 2 2 4 0 0 2 2 2 1 1 4 1 2 4 1 2 2 2 2 3 2 2 3 2 2 2 4 3 3 1 2 3 2 2 3 3 1 3 2 3 2 3 2 4 2 3 1 2 4 4 1 4 1 1 1 3 3 3 1 4 3 2 2 2 3 4 2 2 4 3 2 2 2 3 2 2 2 1 3 2 4 3 2 4 3 4 4 2 1 1 2 3 4 1 4 4 3 2 4 3 4 2 3 4 3 3 3 3 
Spec_D1b 4 4 3 2 4 0 0 0 0 0 0 0 0 0 0 0 0 2 4 1 2 4 1 2 2 4 4 2 1 1 2 1 1 1 2 1 1 1 1 2 1 1 1 1 4 1 4 3 1 4 2 4 2 1 2 1 1 2 0 0 2 2 3 0 0 0 4 3 2 2 3 2 3 2 3 0 2 2 4 0 0 2 2 2 1 1 4 1 2 4 1 2 2 2 1 3 2 2 3 2 2 2 4 3 3 3 2 3 2 2 3 3 1 3 1 3 2 3 2 4 2 3 1 2 4 4 1 4 1 1 1 3 1 3 1 4 3 2 2 2 3 4 2 4 4 3 2 2 2 3 2 2 2 1 3 2 4 3 2 4 3 4 4 2 1 1 2 1 1 4 3 2 3 1 2 3 2 2 3 4 3 1 3 3 
Spec_D3a 4 4 2 2 4 0 0 0 0 0 0 0 0 0 0 0 0 2 4 1 2 4 1 3 2 4 4 2 1 1 2 1 1 1 2 1 1 1 1 2 1 1 1 1 4 1 4 3 1 2 2 4 2 1 2 1 1 2 0 0 2 2 3 0 0 0 2 3 2 2 3 2 3 2 3 0 2 0 0 0 0 2 2 4 1 1 4 1 2 0 0 0 2 2 2 3 2 2 3 2 2 2 4 3 3 3 2 3 2 2 3 3 1 3 2 3 2 3 2 4 2 3 1 2 4 2 1 3 1 1 1 3 3 3 1 4 3 2 2 2 3 4 2 4 4 3 2 2 2 3 2 2 2 1 3 2 4 3 2 4 3 4 4 2 1 3 2 3 1 1 4 4 1 2 4 3 4 2 3 4 3 3 3 1 
Spec_D3b 2 2 0 2 4 0 0 0 0 0 0 0 0 0 0 0 0 2 1 1 2 4 1 3 2 4 4 2 1 1 2 1 1 1 2 1 1 1 1 2 1 1 1 1 4 1 4 3 1 2 2 4 4 1 2 1 1 2 0 0 2 2 3 0 0 0 2 3 2 2 3 4 3 2 3 0 2 2 4 2 4 2 2 4 1 1 4 1 2 0 0 0 2 2 2 3 2 2 3 2 2 2 4 3 3 3 2 3 2 2 3 3 1 3 2 3 2 3 2 4 2 3 1 2 4 4 1 4 1 1 1 3 3 3 1 4 3 2 2 2 3 4 2 4 2 3 4 2 2 3 4 2 2 1 3 2 4 3 2 4 3 4 4 2 1 1 2 3 4 1 4 4 1 2 4 3 2 2 3 4 3 3 3 3 
Spec_E1a 4 4 2 2 4 0 0 0 0 0 0 0 0 0 0 0 0 2 1 1 2 2 3 3 4 4 4 2 1 1 2 1 1 1 2 1 1 1 1 2 1 1 1 1 4 3 4 3 1 2 2 2 2 4 2 1 1 2 1 2 2 2 3 0 0 0 2 1 2 2 3 2 3 2 3 0 2 2 4 2 4 2 2 4 2 3 4 1 2 0 0 0 2 2 2 1 2 4 3 2 2 2 4 3 3 3 2 3 2 2 2 3 1 3 2 3 4 3 2 4 2 3 2 4 4 4 1 4 1 3 1 3 3 2 4 4 3 2 2 2 3 4 2 2 4 3 2 2 2 3 2 2 2 1 3 2 4 3 2 4 3 4 4 2 1 1 2 3 4 1 4 4 1 2 4 3 2 2 3 4 3 3 3 3 
Spec_E1b 4 4 2 2 4 0 0 0 0 0 0 0 0 0 0 0 0 2 1 1 2 2 3 3 4 4 4 2 1 1 2 1 1 1 2 1 1 1 1 2 1 1 1 1 4 3 4 3 1 2 2 2 2 4 2 1 1 2 1 2 2 2 3 0 0 0 2 1 2 2 3 2 3 2 3 0 2 2 4 2 4 2 2 2 1 3 4 1 2 0 0 0 2 2 2 1 2 2 3 2 4 4 4 1 3 3 2 3 2 2 2 3 1 3 2 3 2 3 2 4 2 3 1 2 4 4 1 4 1 1 1 3 3 3 1 4 3 2 2 2 3 4 2 2 4 3 2 2 2 3 2 2 4 1 3 2 4 3 2 4 3 3 4 2 1 3 2 3 1 1 4 4 3 2 4 1 4 2 3 4 3 3 3 3 
Spec_F1a 4 4 2 2 4 0 0 0 0 0 0 0 0 0 0 0 0 2 4 1 4 2 1 3 4 4 4 2 1 1 2 1 1 1 2 1 1 1 1 2 1 1 1 1 4 1 4 3 1 2 2 4 2 1 2 2 1 2 0 0 2 2 3 0 0 0 2 3 2 2 3 2 3 4 4 0 2 2 4 0 0 2 1 2 1 1 4 1 2 4 1 2 2 2 2 3 2 2 3 2 2 2 4 3 3 3 2 3 2 2 3 3 1 3 2 3 2 3 2 4 2 3 1 2 4 4 1 4 1 1 1 3 3 2 4 4 3 2 2 2 3 4 2 2 4 3 2 2 2 3 2 2 2 1 3 2 4 3 2 4 3 4 4 2 1 3 2 3 1 1 4 4 3 2 4 3 4 4 3 4 3 3 3 3 
Spec_F1b 4 4 2 2 4 0 0 0 0 0 0 0 0 0 0 0 0 2 1 1 2 4 1 3 2 4 4 2 1 1 2 1 1 1 2 1 1 1 1 2 1 1 1 1 4 1 4 3 1 4 2 4 2 1 2 1 1 2 0 0 2 2 3 0 0 0 2 3 2 2 3 2 3 2 3 0 4 2 4 0 0 1 2 2 1 1 4 1 2 0 0 0 2 2 2 3 2 2 3 2 2 2 4 3 3 3 2 3 2 2 3 3 1 3 2 3 2 3 2 4 2 3 1 2 4 4 1 4 1 1 1 3 1 3 1 4 1 2 2 2 3 4 4 4 4 3 2 2 2 3 2 3 2 1 3 2 4 3 2 4 3 4 4 2 1 1 2 3 4 1 4 4 3 2 4 3 4 2 3 4 3 3 3 3 
Spec_F4a 4 4 2 2 4 0 0 0 0 0 0 0 0 0 0 0 0 2 4 1 4 2 1 3 4 4 4 2 1 1 2 1 1 1 2 1 1 1 1 2 1 1 1 1 4 1 4 3 1 2 2 4 2 1 3 1 1 3 0 0 4 2 3 2 2 3 2 3 2 2 3 2 3 2 3 0 2 2 4 0 0 2 2 2 1 1 4 1 2 0 0 0 2 2 2 3 2 2 3 2 2 2 4 4 2 3 2 3 2 2 3 3 1 3 2 3 2 3 4 4 2 3 1 2 1 4 1 4 1 3 1 3 3 2 4 4 3 2 2 2 3 4 2 2 4 3 4 2 2 3 2 2 3 1 3 2 4 3 2 4 3 4 4 2 1 1 2 3 4 1 4 4 3 2 4 3 2 2 3 4 3 3 3 3 
Spec_F4b 4 4 3 2 4 0 0 0 0 0 0 0 0 0 0 0 0 2 4 1 2 4 1 3 2 4 4 2 1 1 2 1 1 1 2 1 1 1 1 2 1 1 1 1 4 1 4 3 1 2 2 4 2 1 2 1 1 3 0 0 2 2 3 2 2 3 2 3 2 2 3 2 4 2 3 0 2 2 4 0 0 2 2 2 1 1 4 1 2 0 0 0 2 2 2 3 4 2 3 2 2 2 4 3 3 3 2 3 2 2 3 3 1 3 2 3 2 3 2 4 2 3 1 2 4 4 1 4 1 3 1 3 3 2 4 2 3 2 2 2 3 4 2 4 4 3 2 2 2 3 2 2 2 1 3 2 4 3 2 4 3 4 4 2 1 3 1 3 1 4 3 4 3 2 4 3 2 2 3 4 3 3 3 3 