20
119
Position  15  74  90  92   93   97   103   151   165   178   199   214   217   234   240   243   273   295   296   297   309   315   316   317   322   329   330   331   332   374   430   435   462   472   474   475   501   568   607   625   670   676   682   683   684   687   688   691   701   707   714   736   742   743   754   775   814   838   844   853   862   952   958   1000   1039   1045   1060   1085   1090   1120   1213   1216   1269   1270   1271   1275   1278   1282   1283   1286   1287   1288   1289   1291   1301   1308   1309   1361   1373   1385   1412   1415   1445   1451   1541   1545   1556   1561   1567   1568   1573   1574   1577   1578   1579   1595   1603   1611   1642   1687   1693   1694   1705   1708   1753   1810   1825   1843   1918
Marker S S S S M S S S S S S S S S S S S S S S S S S S S S S S S S S S S S S S S S S S S S S S S S S S S S S S S S S S S S M S S S S S S S S S S S S S S S S S S S M S S S M S S S S S S M S S S S S M S M S S S S S S S S S S S S S S S S S S S S S 
Pseudo_A4a  3 1 2 2 3 3 4 3 2 2 2 2 2 1 2 1 1 2 0 0 2 0 0 0 2 3 2 2 3 3 2 3 2 2 2 4 2 2 4 1 1 4 0 0 0 2 3 2 2 3 2 2 3 2 2 2 2 2 3 3 3 3 2 3 3 3 2 1 2 2 2 1 2 4 4 3 4 4 2 4 1 3 4 1 1 4 3 2 4 2 4 2 2 2 2 2 4 2 2 1 2 2 2 1 1 4 3 4 3 2 4 2 3 4 2 4 3 3 3 
Pseudo_A4b  3 1 2 2 3 3 4 3 2 2 2 2 2 1 2 1 1 2 0 0 2 0 0 0 2 3 2 2 3 3 2 3 2 2 2 4 2 2 4 1 1 4 0 0 0 2 3 2 2 3 2 2 3 2 2 2 2 2 3 3 3 3 2 3 3 3 2 1 2 2 2 1 2 4 4 3 4 4 2 4 1 3 4 1 1 4 3 2 4 2 4 2 2 2 2 2 4 2 2 1 2 2 2 1 1 4 3 4 3 2 4 2 3 4 2 4 3 3 3 
Pseudo_B1a  3 1 2 2 3 3 4 3 2 2 2 2 2 1 2 1 1 2 0 0 2 0 0 0 2 3 2 2 3 3 2 3 2 2 2 4 2 2 4 1 1 4 0 0 0 2 3 2 2 3 2 2 3 2 2 2 2 2 3 3 3 3 2 3 3 3 2 1 2 2 2 1 2 4 4 3 4 4 2 4 1 3 4 1 1 4 3 2 4 2 4 2 2 2 2 2 4 2 2 1 2 2 2 1 1 4 3 4 3 2 4 2 3 4 2 4 3 3 3 
Pseudo_B1b  3 1 2 2 3 3 4 3 2 2 2 2 2 1 2 1 1 2 0 0 2 0 0 0 2 3 2 2 3 3 2 3 2 2 2 4 2 2 4 1 1 4 0 0 0 2 3 2 2 3 2 2 3 2 2 2 2 2 3 3 3 3 2 3 3 3 2 1 2 2 2 1 2 4 4 3 4 4 2 4 1 3 4 1 1 4 3 2 4 2 4 2 2 2 2 2 4 2 2 1 2 2 2 1 1 4 3 4 3 2 4 2 3 4 2 4 3 3 3 
Pseudo_B4a  3 1 2 2 3 3 4 3 2 2 2 2 2 1 2 1 1 2 0 0 2 0 0 0 2 3 2 2 3 3 2 3 2 2 2 4 2 2 4 1 1 4 0 0 0 2 3 2 2 3 2 2 3 2 2 2 2 2 3 3 3 3 2 3 3 3 2 1 2 2 2 1 2 4 4 3 4 4 2 4 1 3 4 1 1 4 3 2 4 2 4 2 2 2 2 2 4 2 2 1 2 2 2 1 1 4 3 4 3 2 4 2 3 4 2 4 3 3 3 
Pseudo_B4b  3 1 2 2 3 3 4 3 2 2 2 2 2 1 2 1 1 2 0 0 2 0 0 0 2 3 2 2 3 3 2 3 2 2 2 4 2 2 4 1 1 4 0 0 0 2 3 2 2 3 2 2 3 2 2 2 2 2 3 3 3 3 2 3 3 3 2 1 2 2 2 1 2 4 4 3 4 4 2 4 1 3 4 1 1 4 3 2 4 2 4 2 2 2 2 2 4 2 2 1 2 2 2 1 1 4 3 4 3 2 4 2 3 4 2 4 3 3 3 
Pseudo_C2a  3 1 2 2 3 3 4 3 2 2 2 2 2 1 2 1 1 2 0 0 2 0 0 0 2 3 2 2 3 3 2 3 2 2 2 4 2 2 4 1 1 4 0 0 0 2 3 2 2 3 2 2 3 2 2 2 2 2 3 3 3 3 2 3 3 3 2 1 2 2 2 1 2 4 4 3 4 4 2 4 1 3 4 1 1 4 3 2 4 2 4 2 2 2 2 2 4 2 2 1 2 2 2 1 1 4 3 4 3 2 4 2 3 4 2 4 3 3 3 
Pseudo_C2b  3 1 2 2 3 3 4 3 2 2 2 2 2 1 2 1 1 2 0 0 2 0 0 0 2 3 2 2 3 3 2 3 2 2 2 4 2 2 4 1 1 4 0 0 0 2 3 2 2 3 2 2 3 2 2 2 2 2 3 3 3 3 2 3 3 3 2 1 2 2 2 1 2 4 4 3 4 4 2 4 1 3 4 1 1 4 3 2 4 2 4 2 2 2 2 2 4 2 2 1 2 2 2 1 1 4 3 4 3 2 4 2 3 4 2 4 3 3 3 
Pseudo_C4a  3 1 2 2 3 3 4 3 2 2 2 2 2 1 2 1 1 2 0 0 2 0 0 0 2 3 2 2 3 3 2 3 2 2 2 4 2 2 4 1 1 4 0 0 0 2 3 2 2 3 2 2 3 2 2 2 2 2 3 3 3 3 2 3 3 3 2 1 2 2 2 1 2 4 4 3 4 4 2 4 1 3 4 1 1 4 3 2 4 2 4 2 2 2 2 2 4 2 2 1 2 2 2 1 1 4 3 4 3 2 4 2 3 4 2 4 3 3 3 
Pseudo_C4b  3 1 2 2 3 3 4 3 2 2 2 2 2 1 2 1 1 2 0 0 2 0 0 0 2 3 2 2 3 3 2 3 2 2 2 4 2 2 4 1 1 4 0 0 0 2 3 2 2 3 2 2 3 2 2 2 2 2 3 3 3 3 2 3 3 3 2 1 2 2 2 1 2 4 4 3 4 4 2 4 1 3 4 1 1 4 3 2 4 2 4 2 2 2 2 2 4 2 2 1 2 2 2 1 1 4 3 4 3 2 4 2 3 4 2 4 3 3 3 
Pseudo_D2a  3 1 2 2 3 3 4 3 2 2 2 2 2 1 2 1 1 2 0 0 2 0 0 0 2 3 2 2 3 3 2 3 2 2 2 4 2 2 4 1 1 4 0 0 0 2 3 2 2 3 2 2 3 2 2 2 2 2 3 3 3 3 2 3 3 3 2 1 2 2 2 1 2 4 4 3 4 4 2 4 1 3 4 1 1 4 3 2 4 2 4 2 2 2 2 2 4 2 2 1 2 2 2 1 1 4 3 4 3 2 4 2 3 4 2 4 3 3 3 
Pseudo_D2b  3 1 2 2 3 3 4 3 2 2 2 2 2 1 2 1 1 2 0 0 2 0 0 0 2 3 2 2 3 3 2 3 2 2 2 4 2 2 4 1 1 4 0 0 0 2 3 2 2 3 2 2 3 2 2 2 2 2 3 3 3 3 2 3 3 3 2 1 2 2 2 1 2 4 4 3 4 4 2 4 1 3 4 1 1 4 3 2 4 2 4 2 2 2 2 2 4 2 2 1 2 2 2 1 1 4 3 4 3 2 4 2 3 4 2 4 3 3 3 
Pseudo_D4a  3 1 2 2 3 3 4 3 2 2 2 2 2 1 2 1 1 2 0 0 2 0 0 0 2 3 2 2 3 3 2 3 2 2 2 4 2 2 4 1 1 4 0 0 0 2 3 2 2 3 2 2 3 2 2 2 2 2 3 3 3 3 2 3 3 3 2 1 2 2 2 1 2 4 4 3 4 4 2 4 1 3 4 1 1 4 3 2 4 2 4 2 2 2 2 2 4 2 2 1 2 2 2 1 1 4 3 4 3 2 4 2 3 4 2 4 3 3 3 
Pseudo_D4b  3 1 2 2 3 3 4 3 2 2 2 2 2 1 2 1 1 2 0 0 2 0 0 0 2 3 2 2 3 3 2 3 2 2 2 4 2 2 4 1 1 4 0 0 0 2 3 2 2 3 2 2 3 2 2 2 2 2 3 3 3 3 2 3 3 3 2 1 2 2 2 1 2 4 4 3 4 4 2 4 1 3 4 1 1 4 3 2 4 2 4 2 2 2 2 2 4 2 2 1 2 2 2 1 1 4 3 4 3 2 4 2 3 4 2 4 3 3 3 
Pseudo_E2a  3 1 2 2 3 3 4 3 2 2 2 2 2 1 2 1 1 2 0 0 2 0 0 0 2 3 2 2 3 3 2 3 2 2 2 4 2 2 4 1 1 4 0 0 0 2 3 2 2 3 2 2 3 2 2 2 2 2 3 3 3 3 2 3 3 3 2 1 2 2 2 1 2 4 4 3 4 4 2 4 1 3 4 1 1 4 3 2 4 2 4 2 2 2 2 2 4 2 2 1 2 2 2 1 1 4 3 4 3 2 4 2 3 4 2 4 3 3 3 
Pseudo_E2b  3 1 2 2 3 3 4 3 2 2 2 2 2 1 2 1 1 2 0 0 2 0 0 0 2 3 2 2 3 3 2 3 2 2 2 4 2 2 4 1 1 4 0 0 0 2 3 2 2 3 2 2 3 2 2 2 2 2 3 3 3 3 2 3 3 3 2 1 2 2 2 1 2 4 4 3 4 4 2 4 1 3 4 1 1 4 3 2 4 2 4 2 2 2 2 2 4 2 2 1 2 2 2 1 1 4 3 4 3 2 4 2 3 4 2 4 3 3 3 
Pseudo_E3a  3 1 2 2 3 3 4 3 2 2 2 2 2 1 2 1 1 2 0 0 2 0 0 0 2 3 2 2 3 3 2 3 2 2 2 4 2 2 4 1 1 4 0 0 0 2 3 2 2 3 2 2 3 2 2 2 2 2 3 3 3 3 2 3 3 3 2 1 2 2 2 1 2 4 4 3 4 4 2 4 1 3 4 1 1 4 3 2 4 2 4 2 2 2 2 2 4 2 2 1 2 2 2 1 1 4 3 4 3 2 4 2 3 4 2 4 3 3 3 
Pseudo_E3b  3 1 2 2 3 3 4 3 2 2 2 2 2 1 2 1 1 2 0 0 2 0 0 0 2 3 2 2 3 3 2 3 2 2 2 4 2 2 4 1 1 4 0 0 0 2 3 2 2 3 2 2 3 2 2 2 2 2 3 3 3 3 2 3 3 3 2 1 2 2 2 1 2 4 4 3 4 4 2 4 1 3 4 1 1 4 3 2 4 2 4 2 2 2 2 2 4 2 2 1 2 2 2 1 1 4 3 4 3 2 4 2 3 4 2 4 3 3 3 
Pseudo_G1a  3 1 2 2 3 3 4 3 2 2 2 2 2 1 2 1 1 2 0 0 2 0 0 0 2 3 2 2 3 3 2 3 2 2 2 4 2 2 4 1 1 4 0 0 0 2 3 2 2 3 2 2 3 2 2 2 2 2 3 3 3 3 2 3 3 3 2 1 2 2 2 1 2 4 4 3 4 4 2 4 1 3 4 1 1 4 3 2 4 2 4 2 2 2 2 2 4 2 2 1 2 2 2 1 1 4 3 4 3 2 4 2 3 4 2 4 3 3 3 
Pseudo_G1b  3 1 2 2 3 3 4 3 2 2 2 2 2 1 2 1 1 2 0 0 2 0 0 0 2 3 2 2 3 3 2 3 2 2 2 4 2 2 4 1 1 4 0 0 0 2 3 2 2 3 2 2 3 2 2 2 2 2 3 3 3 3 2 3 3 3 2 1 2 2 2 1 2 4 4 3 4 4 2 4 1 3 4 1 1 4 3 2 4 2 4 2 2 2 2 2 4 2 2 1 2 2 2 1 1 4 3 4 3 2 4 2 3 4 2 4 3 3 3 
Pseudo_G2a  3 1 2 2 3 3 4 3 2 2 2 2 2 1 2 1 1 2 0 0 2 0 0 0 2 3 2 2 3 3 2 3 2 2 2 4 2 2 4 1 1 4 0 0 0 2 3 2 2 3 2 2 3 2 2 2 2 2 3 3 3 3 2 3 3 3 2 1 2 2 2 1 2 4 4 3 4 4 2 4 1 3 4 1 1 4 3 2 4 2 4 2 2 2 2 2 4 2 2 1 2 2 2 1 1 4 3 4 3 2 4 2 3 4 2 4 3 3 3 
Pseudo_G2b  3 1 2 2 3 3 4 3 2 2 2 2 2 1 2 1 1 2 0 0 2 0 0 0 2 3 2 2 3 3 2 3 2 2 2 4 2 2 4 1 1 4 0 0 0 2 3 2 2 3 2 2 3 2 2 2 2 2 3 3 3 3 2 3 3 3 2 1 2 2 2 1 2 4 4 3 4 4 2 4 1 3 4 1 1 4 3 2 4 2 4 2 2 2 2 2 4 2 2 1 2 2 2 1 1 4 3 4 3 2 4 2 3 4 2 4 3 3 3 
Pseudo_G3a  3 1 2 2 3 3 4 3 2 2 2 2 2 1 2 1 1 2 0 0 2 0 0 0 2 3 2 2 3 3 2 3 2 2 2 4 2 2 4 1 1 4 0 0 0 2 3 2 2 3 2 2 3 2 2 2 2 2 3 3 3 3 2 3 3 3 2 1 2 2 2 1 2 4 4 3 4 4 2 4 1 3 4 1 1 4 3 2 4 2 4 2 2 2 2 2 4 2 2 1 2 2 2 1 1 4 3 4 3 2 4 2 3 4 2 4 3 3 3 
Pseudo_G3b  3 1 2 2 3 3 4 3 2 2 2 2 2 1 2 1 1 2 0 0 2 0 0 0 2 3 2 2 3 3 2 3 2 2 2 4 2 2 4 1 1 4 0 0 0 2 3 2 2 3 2 2 3 2 2 2 2 2 3 3 3 3 2 3 3 3 2 1 2 2 2 1 2 4 4 3 4 4 2 4 1 3 4 1 1 4 3 2 4 2 4 2 2 2 2 2 4 2 2 1 2 2 2 1 1 4 3 4 3 2 4 2 3 4 2 4 3 3 3 
Pseudo_G4a  3 1 2 2 3 3 4 3 2 2 2 2 2 1 2 1 1 2 0 0 2 0 0 0 2 3 2 2 3 3 2 3 2 2 2 4 2 2 4 1 1 4 0 0 0 2 3 2 2 3 2 2 3 2 2 2 2 2 3 3 3 3 2 3 3 3 2 1 2 2 2 1 2 4 4 3 4 4 2 4 1 3 4 1 1 4 3 2 4 2 4 2 2 2 2 2 4 2 2 1 2 2 2 1 1 4 3 4 3 2 4 2 3 4 2 4 3 3 3 
Pseudo_G4b  3 1 2 2 3 3 4 3 2 2 2 2 2 1 2 1 1 2 0 0 2 0 0 0 2 3 2 2 3 3 2 3 2 2 2 4 2 2 4 1 1 4 0 0 0 2 3 2 2 3 2 2 3 2 2 2 2 2 3 3 3 3 2 3 3 3 2 1 2 2 2 1 2 4 4 3 4 4 2 4 1 3 4 1 1 4 3 2 4 2 4 2 2 2 2 2 4 2 2 1 2 2 2 1 1 4 3 4 3 2 4 2 3 4 2 4 3 3 3 
Pseudo_H1a  3 1 2 2 3 3 4 3 2 2 2 2 2 1 2 1 1 2 0 0 2 0 0 0 2 3 2 2 3 3 2 3 2 2 2 4 2 2 4 1 1 4 0 0 0 2 3 2 2 3 2 2 3 2 2 2 2 2 3 3 3 3 2 3 3 3 2 1 2 2 2 1 2 4 4 3 4 4 2 4 1 3 4 1 1 4 3 2 4 2 4 2 2 2 2 2 4 2 2 1 2 2 2 1 1 4 3 4 3 2 4 2 3 4 2 4 3 3 3 
Pseudo_H1b  3 1 2 2 3 3 4 3 2 2 2 2 2 1 2 1 1 2 0 0 2 0 0 0 2 3 2 2 3 3 2 3 2 2 2 4 2 2 4 1 1 4 0 0 0 2 3 2 2 3 2 2 3 2 2 2 2 2 3 3 3 3 2 3 3 3 2 1 2 2 2 1 2 4 4 3 4 4 2 4 1 3 4 1 1 4 3 2 4 2 4 2 2 2 2 2 4 2 2 1 2 2 2 1 1 4 3 4 3 2 4 2 3 4 2 4 3 3 3 
Spec_B2a    2 1 2 4 1 3 2 1 2 4 2 4 2 1 2 1 1 2 0 0 2 0 0 0 2 1 2 2 3 3 2 3 2 2 2 4 2 2 2 1 1 4 0 0 0 2 3 2 2 3 2 2 3 2 2 2 2 2 3 3 3 3 2 3 1 3 2 3 2 2 3 1 2 4 4 1 4 1 1 1 3 3 3 1 1 4 3 2 2 4 2 2 2 2 2 2 4 2 2 1 2 2 2 1 1 4 3 4 3 2 2 2 3 2 2 4 3 3 3 
Spec_B2b    2 1 2 2 2 3 4 3 2 2 2 4 2 1 2 1 1 2 0 0 2 0 0 0 2 1 2 2 3 3 2 3 2 1 2 4 2 2 4 2 1 4 0 0 0 4 3 2 2 3 2 2 1 4 2 2 2 2 3 3 3 3 2 2 1 1 2 3 2 2 3 1 2 4 4 1 4 1 3 1 3 3 2 4 1 2 3 2 2 4 4 2 2 4 3 2 4 2 2 3 2 2 2 3 1 4 3 4 3 2 4 2 3 4 2 3 4 3 3 
Spec_C1a    2 1 2 4 1 3 2 1 2 4 2 2 2 1 2 1 1 2 0 0 2 0 0 0 2 3 0 0 0 3 2 3 2 2 0 0 2 2 4 1 1 4 0 0 0 2 3 1 2 3 2 2 3 2 2 2 2 2 3 3 3 3 4 2 1 3 2 3 2 2 3 1 2 4 4 1 4 1 1 1 3 1 3 1 1 4 1 2 2 4 2 2 3 2 2 2 4 4 2 3 2 2 1 3 1 4 3 4 1 2 4 2 3 4 2 4 3 3 3 
Spec_C1b    3 1 2 4 1 2 2 1 2 4 2 2 2 1 2 1 4 2 0 0 2 0 0 0 2 3 2 2 3 3 2 3 2 2 0 0 2 2 2 1 1 4 0 0 0 2 3 2 2 3 2 2 3 2 2 2 2 2 3 3 3 2 2 3 1 3 2 3 2 2 3 1 2 4 4 1 4 1 1 1 3 3 3 1 1 4 3 2 4 2 4 2 2 2 2 2 4 2 2 1 2 2 2 3 4 1 4 4 1 2 4 2 3 4 2 4 3 3 1 
Spec_D1a    2 1 2 4 1 3 2 1 2 4 2 2 2 1 2 1 1 3 0 0 2 2 2 3 2 3 2 2 3 3 4 3 2 2 0 0 2 2 2 1 1 4 4 1 2 2 3 2 2 3 2 2 3 2 2 2 2 2 3 3 1 3 2 3 1 3 2 3 2 2 3 1 2 4 4 1 4 1 1 1 3 3 3 1 1 4 3 2 2 4 2 2 2 2 2 2 4 2 2 1 2 2 2 3 4 1 4 4 3 2 4 2 3 4 2 4 3 3 3 
Spec_D1b    3 4 2 4 1 2 2 1 4 4 2 2 2 1 2 1 1 2 0 0 2 0 0 0 4 3 2 2 3 3 2 3 2 2 0 0 2 2 2 1 1 4 4 1 2 2 3 2 1 3 2 2 3 2 2 2 2 2 3 3 3 3 2 3 1 3 1 3 2 2 3 1 2 4 4 1 4 1 1 1 3 1 3 1 1 4 3 2 4 4 2 2 2 2 2 2 4 2 2 1 2 2 2 1 1 4 3 2 3 1 2 2 3 2 2 4 3 1 3 
Spec_E1a    2 1 2 2 3 3 4 3 2 2 2 2 2 4 2 1 1 2 1 2 2 0 0 0 2 1 2 2 3 3 2 3 2 2 2 4 2 2 4 2 3 4 0 0 0 2 3 2 2 1 2 4 3 2 2 2 2 2 3 3 3 3 2 2 1 3 2 3 4 2 3 2 4 4 4 1 4 1 3 1 3 3 2 4 1 4 3 2 2 4 2 2 2 2 2 2 4 2 2 1 2 2 2 3 4 1 4 4 1 2 4 2 3 2 2 4 3 3 3 
Spec_E1b    2 1 2 2 3 3 4 3 2 2 2 2 2 4 2 1 1 2 1 2 2 0 0 0 2 1 2 2 3 3 2 3 2 2 2 4 2 2 2 1 3 4 0 0 0 2 3 2 2 1 2 2 3 2 4 2 4 2 1 3 3 3 2 2 1 3 2 3 2 2 3 1 2 4 4 1 4 1 1 1 3 3 3 1 1 4 3 2 2 4 2 2 2 2 2 4 3 2 2 3 2 2 2 3 1 1 4 4 3 2 4 2 1 4 2 4 3 3 3 
Spec_F1a    2 4 4 2 1 3 4 1 2 4 2 2 2 1 2 2 1 2 0 0 2 0 0 0 2 3 2 2 3 3 4 4 2 2 0 0 2 1 2 1 1 4 4 1 2 2 3 2 2 3 2 2 3 2 2 2 2 2 3 3 3 3 2 3 1 3 2 3 2 2 3 1 2 4 4 1 4 1 1 1 3 3 2 4 1 4 3 2 2 4 2 2 2 2 2 2 4 2 2 3 2 2 2 3 1 1 4 4 3 2 4 2 3 4 4 4 3 3 3 
Spec_F1b    2 4 4 2 1 3 4 1 2 4 2 2 2 1 2 2 1 2 0 0 2 0 0 0 2 3 2 2 3 3 4 4 2 2 0 0 2 1 2 1 1 4 4 1 2 2 3 2 2 3 2 2 3 2 2 2 2 2 3 3 3 3 2 3 1 3 2 3 2 2 3 1 2 4 4 1 4 1 1 1 3 3 2 4 1 4 3 2 2 4 2 2 2 2 2 2 4 2 2 3 2 2 2 3 1 1 4 4 3 2 4 2 3 4 4 4 3 3 3 
Spec_F4a    2 4 4 2 1 3 4 1 2 4 2 2 2 1 3 1 1 3 0 0 4 2 2 3 2 3 2 2 3 3 2 3 2 2 0 0 2 2 2 1 1 4 0 0 0 2 3 2 2 3 2 2 3 2 2 2 2 2 4 2 3 3 2 3 1 3 2 3 2 4 3 1 2 1 4 1 4 1 3 1 3 3 2 4 1 4 3 2 2 4 4 2 2 2 2 3 4 2 2 1 2 2 2 3 4 1 4 4 3 2 4 2 3 2 2 4 3 3 3 
Spec_F4b    3 4 2 4 1 3 2 1 2 4 2 2 2 1 2 1 1 3 0 0 2 2 2 3 2 3 2 2 3 4 2 3 2 2 0 0 2 2 2 1 1 4 0 0 0 2 3 2 2 3 4 2 3 2 2 2 2 2 3 3 3 3 2 3 1 3 2 3 2 2 3 1 2 4 4 1 4 1 3 1 3 3 2 4 1 2 3 2 4 4 2 2 2 2 2 2 4 2 2 3 2 2 1 3 1 4 3 4 3 2 4 2 3 2 2 4 3 3 3 
